#        weight    minuslogpost             yp2            logA              ns    theta_MC_100           ombh2           omch2               w              wa         beta_DE             tau              As              H0          omegam        omegamh2             YHe             Y_p           DHBBN            zrei          sigma8            s8h5      s8omegamp5     s8omegamp25               A           clamp             age           rdrag   minuslogprior minuslogprior__0            chi2 chi2__pyactlike.ACTPol_lite_DR4 chi2__act_dr6_lenslike.ACTDR6LensLike chi2__wmaplike.WMAPLike
              2       3182.2626      0.91046051       3.0487187       0.9638703        1.041168     0.022291471      0.11911157     -0.95476093      0.13590498        0.997282     0.048220275   2.1088307e-09       65.157717      0.33458241       0.1420479      0.24582195      0.24715349       2.4624196       7.0750667      0.78474421      0.97217666      0.45392037      0.59683447       2.1088307        1.914953       13.867406       147.42396       3.1393559        3.1393559       6358.2465                       766.35284                             15.770092               5576.1236
              4       2959.9814      0.97873873        3.046411      0.96412343       1.0409378      0.02221288      0.11889326      -1.2357741      0.54288146      0.94430342     0.047834871   2.1039696e-09       70.211643      0.28754636        0.141751      0.24578818       0.2471196       2.4767155       7.0345622       0.8285662       0.9888323      0.44430495      0.60674217       2.1039696       1.9120121       13.811775       147.56995       3.1684281        3.1684281        5913.626                        324.6658                             15.363122               5573.5971
              1       2958.8939      0.97873873       3.0490353       0.9634826       1.0410443     0.022174873       0.1192282      -1.5035005       1.1203552       1.0375888     0.048875825   2.1094984e-09       73.774786       0.2609871      0.14204794      0.24577169      0.24710304       2.4836727       7.1628094      0.85883721      0.99990071      0.43875328      0.61385474       2.1094984       1.9130494       13.802691       147.52305       3.0914222        3.0914222       5911.6049                       323.91148                             15.277991               5572.4154
              4       2950.2154      0.97873873       3.0417325      0.96841863       1.0410443     0.022174873       0.1192282      -1.5035005       1.1203552       1.0375888     0.048875825   2.0941492e-09       73.774786       0.2609871      0.14204794      0.24577169      0.24710304       2.4836727       7.1628094      0.85744958      0.99828516      0.43804438      0.61286293       2.0941492       1.8991297       13.802691       147.52305       3.0914222        3.0914222        5894.248                       326.31087                             16.445241               5551.4919
              4       2950.3091      0.97873873       3.0376309      0.96829512        1.041051     0.022186135      0.11928009      -1.5357367        1.075718      0.96606656     0.046628157   2.0855775e-09       75.218448      0.25117664      0.14211109      0.24577659      0.24710796       2.4816083       6.9126282      0.86934275       1.0023718      0.43569307      0.61544018       2.0855775       1.8998776       13.771795       147.49672       3.2637236        3.2637236       5894.0907                       326.27338                             16.141517               5551.6758
             12       2948.1394      0.97873873        3.049624      0.97366082       1.0419332     0.022233824      0.11737917      -1.9712274      0.65408766      0.60396866     0.054685959   2.1107406e-09       97.798245      0.14664427      0.14025786      0.24579722      0.24712867       2.4728938       7.6554965       1.0415646       1.0532238      0.39885842      0.64454388       2.1107406       1.8920615       13.451319       147.95151       2.7500676        2.7500676       5890.7788                       322.12642                              13.72174               5554.9306
              1       2947.5626      0.97873873       3.0466716      0.97477829       1.0419332     0.022233824      0.11737917      -1.9712274      0.65408766      0.60396866     0.054685959    2.104518e-09       97.798245      0.14664427      0.14025786      0.24579722      0.24712867       2.4728938       7.6554965        1.040634       1.0522828      0.39850205      0.64396801        2.104518       1.8864836       13.451319       147.95151       2.7500676        2.7500676        5889.625                       323.95932                             13.938964               5551.7268
              4       2951.3154      0.97873873       3.0413261      0.97020119       1.0419332     0.022233824      0.11737917      -1.9712274      0.65408766      0.60396866     0.054685959   2.0932984e-09       97.798245      0.14664427      0.14025786      0.24579722      0.24712867       2.4728938       7.6554965       1.0353857       1.0469757      0.39649224      0.64072021       2.0932984       1.8764264       13.451319       147.95151       2.7500676        2.7500676       5897.1307                       335.54732                             14.200185               5547.3832
              2       2951.2809      0.97873873       3.0587796       0.9756474       1.0421881     0.022465542      0.11505653      -1.6646775     -0.29929322       1.1063896     0.065736754   2.1301545e-09       96.540434      0.14824691      0.13816694      0.24589636      0.24722816       2.4311939       8.6357299       1.0166911       1.0347475        0.391455      0.63086355       2.1301545       1.8677248       13.383456       148.31827       2.5148751        2.5148751        5897.532                       334.76176                             15.436831               5547.3334
              2       2951.9141      0.97873873       3.0560317      0.97597255       1.0422038     0.022244425      0.11483901     -0.93438135      -2.1913806      0.87307635     0.065075918   2.1243091e-09       84.159583      0.19445363      0.13772831      0.24580178      0.24713324       2.4709627       8.6236798      0.93108631       1.0149348      0.41058017      0.61829247       2.1243091        1.865063       13.432826        148.6278       2.5136817        2.5136817       5898.8009                       332.99702                             15.461738               5550.3421
             11       2952.0023      0.97873873       3.0565786      0.97601289       1.0422258      0.02223195       0.1148237     -0.88728865      -2.2251867      0.84132211     0.065383238   2.1254711e-09       82.940295       0.2001725      0.13770051      0.24579641      0.24712786       2.4732353       8.6566761      0.92218836       1.0125975      0.41259299      0.61683746       2.1254711       1.8649365       13.441895       148.64615       2.5139952        2.5139952       5898.9767                       332.92705                             15.454338               5550.5953
              4       2952.7311      0.97873873       3.0467882      0.97475153       1.0423017     0.022136064       0.1152956     -0.98452529      -2.1757799      0.91074515      0.05982476   2.1047635e-09       85.199528      0.19021532      0.13807653      0.24575474      0.24708603       2.4908064       8.1490019      0.93881437       1.0170941       0.4094515      0.61999915       2.1047635       1.8674121       13.435139       148.62625       2.5731869        2.5731869       5900.3159                       332.59087                             15.636314               5552.0887
              1       2947.4207       1.0181774       3.0461744      0.97566265       1.0424551     0.022193482      0.11487528      -0.6277108       -2.655977      0.92393262     0.059541283   2.1034719e-09       77.458395      0.22953026      0.13771363      0.24577978      0.24711116       2.4802628       8.1050309      0.87576097      0.99506474      0.41957109      0.60617158       2.1034719       1.8673246       13.478558       148.67575       2.5798857        2.5798857       5889.6817                       320.67543                             16.940546               5552.0657
              2       2946.2409       1.0181774       3.0238176      0.96816107       1.0418816     0.022255399      0.11773965     -0.65183001     -0.95265393       1.5693905     0.044159692   2.0569668e-09       64.735857      0.33559755      0.14063991       0.2458065      0.24713798        2.468966        6.602239      0.76854133      0.95520101        0.445222      0.58495428       2.0569668       1.8830882       13.781988       147.83063        3.478821         3.478821       5885.5242                       318.17327                             19.924769               5547.4261
              2       2942.0698       1.0136793       3.0235142      0.96838257       1.0419464     0.022271971      0.11766144      -0.4685695      -1.5287909       1.6387725     0.043946156   2.0563429e-09       63.302783      0.35081052      0.14057827       0.2458136      0.24714511       2.4659553        6.570699      0.75631338      0.95058374      0.44795881      0.58206292       2.0563429       1.8833212       13.776248       147.83283       3.4987008        3.4987008       5877.1423                       309.73478                             19.749866               5547.6576
              1       2943.3432       1.0157027       3.0197493      0.96525951       1.0420288     0.022217343      0.11908288     -0.57385776      -1.0865033       1.7154148     0.040263583   2.0486156e-09       62.897034      0.35880628      0.14194509      0.24579011      0.24712153       2.4759004       6.2024272      0.75741055      0.95502835      0.45369226      0.58620073       2.0486156       1.8901139       13.815543       147.51448       3.8734251        3.8734251       5878.9396                       313.11339                             18.238189               5547.5881
              1       2937.6741      0.99130022       3.0755451      0.96930157       1.0424276     0.022480212      0.11778535      -1.5890463      0.94350561         2.95077     0.070436939   2.1661687e-09       83.347943      0.20283989      0.14091043      0.24590265      0.24723448       2.4285898       9.1521877      0.94292876       1.0328362      0.42467389      0.63280109       2.1661687       1.8815316       13.539986       147.56641       2.5793584        2.5793584       5870.1894                       310.86304                             13.299001               5546.0274
              7       2937.5548      0.99130022       3.0676588      0.96950858       1.0423979     0.022513889      0.11754603      -1.7868935       1.3405113       3.1995723     0.066455882   2.1491528e-09       88.943378      0.17786137      0.14070479      0.24591709      0.24724897       2.4226278       8.7568222      0.98011739        1.039253      0.41335093      0.63650014       2.1491528       1.8816742       13.486036       147.59275       2.5183791        2.5183791       5870.0729                       310.44286                              13.31203                5546.318
              1       2931.6291       1.0059581       3.0695219      0.97262201       1.0423979     0.022513889      0.11754603      -1.7868935       1.3405113       3.1995723     0.066455882   2.1531605e-09       88.943378      0.17786137      0.14070479      0.24591709      0.24724897       2.4226278       8.7568222      0.98250942       1.0417894      0.41435973      0.63805356       2.1531605       1.8851832       13.486036       147.59275       2.5183791        2.5183791       5858.2214                       297.80857                             13.292272               5547.1205
              1       2931.5994       1.0059581       3.0701184       0.9724726       1.0423849     0.022511128      0.11760845      -1.7661295        1.353671       3.2159737      0.06670161   2.1544454e-09        88.01024      0.18172998      0.14076445       0.2459159      0.24724778       2.4231157       8.7834864      0.97613245       1.0405002       0.4161233      0.63733151       2.1544454       1.8853813       13.496238       147.57915       2.5201032        2.5201032       5858.1586                       297.81982                             13.291451               5547.0473
              1       2932.8157       1.0059581       3.0452607      0.96887833       1.0424035     0.022480717      0.11896078      -1.4510261      0.95245322        3.395862     0.051711001   2.1015509e-09       78.007452      0.23349641      0.14208636      0.24590286      0.24723469       2.4285004        7.352343      0.89427466       1.0125183      0.43212663       0.6216429       2.1015509       1.8950659       13.605345       147.25305       2.9061077        2.9061077       5859.8192                        297.5533                             14.102709               5548.1632
              1       2933.0622       1.0059581       3.0442244      0.96897228       1.0422457     0.022527681      0.11895564      -1.1779239      0.29507721       3.1115004     0.051195327   2.0993742e-09       72.289429      0.27197603      0.14212818        0.245923      0.24725491       2.4201922       7.3020396      0.84533707      0.99424295      0.44085445      0.61046753       2.0993742       1.8950565       13.674308       147.20236       2.9371555        2.9371555       5860.2501                       297.60175                             14.881616               5547.7667
              5       2932.4027       1.0059581       3.0482043      0.96737711       1.0423562     0.022548235      0.11994165       -1.376517     -0.18041388       3.1297073      0.05214375   2.1077461e-09       81.015235      0.21807791      0.14313475      0.24593182      0.24726375       2.4165694       7.3816744      0.92873717       1.0318332      0.43370923      0.63466675       2.1077461       1.8990081       13.531798       146.91891       2.8809648        2.8809648       5859.0435                       298.36873                             13.366333               5547.3084
              1       2932.2119       1.0059581       3.0546632      0.96645244        1.042235     0.022506856      0.12035761       -1.560399      0.39096456       3.2607945     0.055319412   2.1214039e-09       83.938797      0.20368294      0.14350933      0.24591407      0.24724595       2.4238711       7.7189922      0.95822237       1.0458874       0.4324577      0.64373181       2.1214039       1.8992124       13.521134       146.85539       2.7219217        2.7219217         5858.98                       298.51675                              13.81063               5546.6526
              2       2931.9849       1.0059581       3.0452725      0.96626586       1.0420797      0.02243951      0.12014361      -1.4851198      0.42608423       3.5995797     0.050802297   2.1015758e-09       81.216677      0.21713882      0.14322799       0.2458852      0.24721697       2.4358252       7.2709983      0.93123309       1.0333223      0.43393745      0.63568617       2.1015758       1.8985356       13.560725       146.98627       2.9616128        2.9616128       5858.0465                       297.75412                             13.396362                5546.896
              1       2931.0793       1.0059581       3.0476694      0.96969768       1.0420797      0.02243951      0.12014361      -1.4851198      0.42608423       3.5995797     0.050802297   2.1066191e-09       81.216677      0.21713882      0.14322799       0.2458852      0.24721697       2.4358252       7.2709983      0.93379265       1.0361624      0.43513016       0.6374334       2.1066191       1.9030916       13.560725       146.98627       2.9616128        2.9616128       5856.2354                       294.48197                             13.445138               5548.3083
              1       2931.2554       1.0059581       3.0510395      0.96878289       1.0422328     0.022358046      0.12055809       -1.096701    -0.038807079       3.6678764     0.052000739   2.1137305e-09        70.68069      0.28736569        0.143561      0.24585038      0.24718202       2.4504054       7.4456041      0.84770607       1.0083119      0.45442556      0.62066038       2.1137305       1.9049446       13.701852       146.96761       2.8891817        2.8891817       5856.7324                       294.17557                             13.700667               5548.8562
              2       2931.1574       1.0059581       3.0552602      0.96940379       1.0421582     0.022395909      0.12029243     -0.82399463     -0.59732377       3.6899582     0.054462896   2.1226708e-09       65.335284      0.33577724      0.14333321      0.24586655      0.24719825       2.4436123       7.7061477      0.79775175      0.98694709      0.46226753      0.60726825       2.1226708       1.9036047       13.790397       146.99548       2.7604035        2.7604035        5856.794                        294.2102                             14.080215               5548.5035
              1       2931.5202       1.0059581       3.0541165      0.96876325        1.041967     0.022296295      0.12039145      -0.7479664     -0.37748479       3.8365808     0.054105799   2.1202446e-09       61.990826      0.37298398      0.14333262      0.24582402      0.24715556       2.4615461       7.7184167      0.76466874      0.97120213      0.46700166      0.59757976       2.1202446       1.9027874       13.896687       147.07997       2.7774102        2.7774102       5857.4856                       293.72798                             15.057897               5548.6997
              1       2931.4377       1.0059581       3.0607487      0.96912973         1.04207     0.022352332      0.12027267       -0.810055   -0.0084956639       4.0458843      0.05745028   2.1343532e-09       62.127041      0.37118764      0.14326987      0.24584794      0.24717957       2.4514331       8.0489366      0.76595843      0.97177308      0.46666148      0.59786562       2.1343532       1.9026794       13.902013       147.04906       2.6403317        2.6403317       5857.5947                       294.03647                              15.01549               5548.5428
              2       2932.0817      0.99955124       3.0607356      0.96731976         1.04207     0.022352332      0.12027267       -0.810055   -0.0084956639       4.0458843      0.05745028   2.1343252e-09       62.127041      0.37118764      0.14326987      0.24584794      0.24717957       2.4514331       8.0489366      0.76547292      0.97115711      0.46636568      0.59748665       2.1343252       1.9026545       13.902013       147.04906       2.6403317        2.6403317       5858.8828                       295.04426                             14.907402               5548.9312
              5       2933.1355      0.99955124       3.0251631      0.96860677        1.041893     0.022241532      0.11936752      -1.3854335     -0.17102246       3.7798557     0.040511725   2.0597365e-09       80.939536      0.21714148      0.14225391      0.24580054        0.247132       2.4714895       6.1841664      0.91871481       1.0211754      0.42810679      0.62714277       2.0597365       1.8994314       13.572437        147.4118       3.8462813        3.8462813       5858.5783                       293.57497                             14.147685               5550.8557
              1       2935.5329      0.99955124       3.0290392      0.96808604        1.041893     0.022241532      0.11936752      -1.3854335     -0.17102246       3.7798557     0.040511725   2.0677357e-09       80.939536      0.21714148      0.14225391      0.24580054        0.247132       2.4714895       6.1841664      0.92028202       1.0229174      0.42883709      0.62821259       2.0677357       1.9068081       13.572437        147.4118       3.8462813        3.8462813       5863.3731                       292.16599                             13.883613               5557.3235
              2       2935.9716      0.99955124       3.0243743      0.96592214       1.0417675     0.022162899      0.12007826      -1.7812659       1.6057573       4.1394084     0.037391888   2.0581124e-09        85.68041      0.19463758      0.14288603      0.24576647       0.2470978       2.4858705        5.849166      0.95955871       1.0366467      0.42333571      0.63735035       2.0581124       1.9098133       13.566828       147.31133       4.2074641        4.2074641       5863.5282                       292.51784                             13.587722               5557.4227
              2       2934.4913      0.99955124       3.0240622      0.96845668       1.0417675     0.022162899      0.12007826      -1.7812659       1.6057573       4.1394084     0.037391888     2.05747e-09        85.68041      0.19463758      0.14288603      0.24576647       0.2470978       2.4858705        5.849166      0.96055543       1.0377235      0.42377544      0.63801238         2.05747       1.9092172       13.566828       147.31133       4.2074641        4.2074641       5860.5676                       290.99645                             13.671033               5555.9002
              5       2934.4099      0.99955124       3.0253325       0.9687389       1.0417187     0.022175544      0.11994912       -1.650381       1.2831185       4.1528875     0.038210488   2.0600854e-09       82.654449       0.2089792      0.14276953      0.24577198      0.24710334       2.4835498       5.9441494      0.93652208       1.0301131      0.42812398       0.6332042       2.0600854       1.9085169       13.592858       147.33138       4.1085088        4.1085088       5860.6027                       291.06588                             13.829164               5555.7077
              1       2932.6887      0.99955124       3.0413218      0.96920733       1.0417975     0.022077953      0.12019371      -1.6944576      0.33343629       3.4516834     0.046974831   2.0932894e-09       88.340171      0.18313274      0.14291653      0.24572922      0.24706042       2.5015451       6.9285795      0.99355062       1.0570874      0.42518016      0.64995231       2.0932894       1.9055812       13.527934       147.37579       3.2356838        3.2356838        5858.906                       291.17831                             13.517392               5554.2103
              1       2932.8775      0.99955124       3.0346465      0.96888915       1.0417975     0.022077953      0.12019371      -1.6944576      0.33343629       3.4516834     0.046974831   2.0793627e-09       88.340171      0.18313274      0.14291653      0.24572922      0.24706042       2.5015451       6.9285795      0.99008768        1.053403      0.42369823      0.64768696       2.0793627       1.8929033       13.527934       147.37579       3.2356838        3.2356838       5859.2835                       295.65602                             13.356101               5550.2714
              1       2932.8595      0.99955124       3.0347992      0.96868853       1.0417272     0.022077147       0.1202564      -1.6101696      0.12675954       3.5240945     0.047022867   2.0796802e-09       86.321045      0.19188327      0.14297842      0.24572887      0.24706007       2.5016945         6.93652      0.97532303       1.0497603      0.42723521      0.64551711       2.0796802       1.8930104        13.54402       147.36013       3.2318406        3.2318406       5859.2553                       295.80663                              13.38818               5550.0605
              1       2932.5074      0.99955124       3.0485986      0.96703384       1.0417754     0.022233968      0.12129335      -1.9280035       1.1423754       3.4928625     0.052655096   2.1085774e-09       92.010298      0.17029764      0.14417219      0.24579728      0.24712873       2.4728675       7.5118413       1.0302208       1.0740193      0.42514259      0.66180868       2.1085774       1.8978152       13.501001       146.91212       2.8523281        2.8523281       5859.3102                       296.86267                             14.889496               5547.5581
              7       2932.5651      0.99955124       3.0473313      0.96681481       1.0417959     0.022232792      0.12138477      -1.9498188       1.1554495       3.5345528     0.051852766   2.1059069e-09       92.721614      0.16779974      0.14426243      0.24579677      0.24712822       2.4730819       7.4291555       1.0355877       1.0754653      0.42421158      0.66280336       2.1059069       1.8984555       13.495262       146.88945       2.8977794        2.8977794       5859.3346                       296.86238                             14.912988               5547.5593
              2       2931.7308      0.99955124       3.0505458      0.96896316       1.0418851      0.02227851      0.12052027      -1.8852032      0.60982814       3.3845751     0.054472208   2.1126872e-09       93.972212      0.16243605      0.14344365      0.24581641      0.24714792       2.4647687       7.6737394       1.0401327       1.0729736      0.41920839      0.66032746       2.1126872       1.8946162       13.468144       147.06579       2.7599675        2.7599675       5857.9417                       296.23165                             14.181077                5547.529
              3       2930.8718      0.99955124       3.0535534      0.97062193       1.0418851      0.02227851      0.12052027      -1.8852032      0.60982814       3.3845751     0.054472208   2.1190509e-09       93.972212      0.16243605      0.14344365      0.24581641      0.24714792       2.4647687       7.6737394        1.042576        1.075494      0.42019313      0.66187861       2.1190509        1.900323       13.468144       147.06579       2.7599675        2.7599675       5856.2237                        293.2189                             14.388113               5548.6167
              2       2930.7531      0.99955124       3.0536428      0.97086451       1.0419336      0.02230239      0.12042042      -1.8958723      0.68360306       3.3999331     0.054512658   2.1192404e-09        94.14869      0.16174195      0.14336767      0.24582662      0.24715818        2.460443       7.6710298       1.0426524       1.0745643      0.41932514      0.66121886       2.1192404       1.9003392       13.464239       147.06557       2.7580785        2.7580785       5855.9901                         293.255                             14.238061                5548.497
              8       2930.7222      0.99955124       3.0526678      0.97089309        1.041919     0.022305844       0.1204001      -1.9248004       0.6725428        3.410274     0.054039512   2.1171752e-09       95.329182      0.15774239      0.14335081       0.2458281      0.24715966       2.4598183       7.6202271       1.0507375        1.076171      0.41731928      0.66218805       2.1171752       1.9002847       13.455512       147.06709       2.7806295        2.7806295       5855.8832                       293.24857                             14.167176               5548.4675
              1       2930.9956      0.99955124        3.060207      0.97175962       1.0418794     0.022475732      0.12032958      -1.5707334     -0.47734487       2.8613264      0.05778671   2.1331972e-09       88.758558       0.1820877      0.14345018      0.24590072      0.24723255       2.4293848       7.9627233       1.0038154       1.0654885      0.42834546      0.65572844       2.1331972       1.9003697       13.469762       146.89728       2.6292945        2.6292945       5856.7327                       295.36452                             14.529375               5546.8388
              2       2930.8867      0.99955124       3.0636383      0.97257791       1.0419369     0.022481253      0.12000542      -1.5715994     -0.51327107       2.8314985     0.059946658   2.1405295e-09       89.297384      0.17949728      0.14313154      0.24590309      0.24723493       2.4284053       8.1698334       1.0072772       1.0659324      0.42675435      0.65563705       2.1405295       1.8986819       13.461569       146.97634       2.5704161        2.5704161       5856.6326                        295.2356                             14.441905               5546.9551
              1       2931.1502      0.99955124       3.0644992      0.97560347       1.0419369     0.022481253      0.12000542      -1.5715994     -0.51327107       2.8314985     0.059946658    2.142373e-09       89.297384      0.17949728      0.14313154      0.24590309      0.24723493       2.4284053       8.1698334       1.0092013       1.0679685      0.42756952      0.65688943        2.142373       1.9003172       13.461569       146.97634       2.5704161        2.5704161       5857.1595                       294.38001                             14.439853               5548.3397
              2       2931.7232      0.99955124       3.0691694       0.9751332       1.0418974      0.02245814       0.1202973      -1.7193925     -0.30557504       2.7708244      0.06226012   2.1524018e-09       93.215148       0.1650354      0.14340031      0.24589318      0.24722498       2.4325095        8.404683       1.0439329        1.081258      0.42409302      0.66537557       2.1524018       1.9003995       13.439822       146.92525        2.530351         2.530351       5858.3856                       294.49393                             15.485507               5548.4062
              1       2931.5984      0.99955124       3.0613861      0.97366515       1.0415278     0.022335587      0.12071578      -1.7884342    -0.048499228       2.8204922     0.058328715    2.135714e-09       93.495858      0.16438441      0.14369623       0.2458408       0.2471724       2.4544485       8.0525127       1.0471804       1.0829921      0.42457244      0.66678626        2.135714       1.9005505       13.465681       146.95096       2.6125712        2.6125712       5857.9717                        293.3089                             15.497856                5549.165
              6       2931.2587      0.99955124       3.0693899      0.97539361       1.0414857      0.02240103      0.11995579      -1.6326024    -0.004455472       2.7632866     0.063282939   2.1528763e-09       88.304611      0.18338947      0.14300169      0.24586873      0.24720044       2.4426957       8.5173205       1.0049118       1.0693903       0.4303434      0.65761475       2.1528763        1.896934       13.500039       147.07841       2.5202206        2.5202206        5857.477                       294.02522                             14.906279               5548.5455
              4       2931.5155      0.99955124       3.0682825       0.9748441       1.0413533     0.022394904      0.12030018      -1.1466268      -1.1751767       2.2531688       0.0624366   2.1504935e-09       78.522555      0.23247615      0.14333995      0.24586612      0.24719781       2.4437923       8.4489289      0.92954418       1.0489936      0.44818698      0.64545302       2.1504935       1.8980445       13.568161       146.99444       2.5282711        2.5282711       5857.9745                       294.49588                             15.161037               5548.3176
              5       2930.8345      0.99955124       3.0669283      0.97526418       1.0413362     0.022434329      0.12001362     -0.66548734       -2.046256       2.4749311     0.061768924   2.1475835e-09       68.905391      0.30137793      0.14309282      0.24588298      0.24721474       2.4367486       8.3833442      0.84270396       1.0151926      0.46262677      0.62438562       2.1475835       1.8980089       13.669102       147.02619       2.5368685        2.5368685       5856.5953                       294.75848                             14.197151               5547.6396
              4       2930.3564      0.99955124       3.0637319      0.97813369        1.041631     0.022369448       0.1186073      -1.0072867      -1.7325068       2.8338226      0.06172926   2.1407299e-09        77.49807      0.23580215      0.14162161      0.24585525      0.24718691       2.4483568       8.3565812       0.9076862       1.0310751      0.44076755      0.63251769       2.1407299       1.8921019       13.563741       147.47094       2.5374416        2.5374416        5855.638                       292.05401                             13.428653               5550.1553
              2       2930.2581      0.99955124       3.0698886      0.97876637       1.0417496     0.022414763      0.11837051     -0.72660856      -2.0675981       2.9288068     0.064910145   2.1539503e-09       70.806095      0.28209843      0.14143013      0.24587461      0.24720634       2.4402403       8.6617627      0.85009205       1.0102541      0.45150887      0.61953539       2.1539503       1.8917139       13.638808        147.4834       2.5136868        2.5136868       5855.4889                       292.35098                             13.530958                5549.607
              1       2930.7042      0.99955124       3.0806332      0.97969433       1.0416958      0.02243699      0.11806108     -0.96419629      -1.7281918       2.9697765     0.071086457   2.1772185e-09       76.355748      0.24208934      0.14114293      0.24588412      0.24721588       2.4362743       9.2235458      0.90098242       1.0310873      0.44330655      0.63199004       2.1772185       1.8886745       13.570926       147.54124        2.595991         2.595991       5856.2165                       293.10641                             13.593474               5549.5166
              2       2931.7452       1.0057631       3.0834125      0.97883982       1.0417242     0.022246641       0.1185378      -0.5614711      -2.7265937       2.5105643     0.072530298   2.1832781e-09       69.865009      0.28974767       0.1414293      0.24580273       0.2471342       2.4705592       9.4233562      0.85246253       1.0198715      0.45886536      0.62543227       2.1832781       1.8884698        13.63891       147.62686       2.6396808        2.6396808       5858.2111                        291.2052                             14.226818               5552.7791
              2       2931.5162       1.0057631       3.1016158      0.97849751       1.0423007     0.022310085      0.11887205     -0.49821083     -0.95957921       2.5125532     0.080724075   2.2233849e-09       59.424633      0.40162978        0.141827      0.24582991      0.24716148       2.4590516       10.236519      0.75069388      0.97382209      0.47574675      0.59761206       2.2233849       1.8919019       13.927018       147.46683       3.0631056        3.0631056       5856.9061                       291.16306                             14.261654               5551.4814
              4       2931.7193       1.0057631       3.0872969      0.97660515        1.042319      0.02219356      0.11960941      -0.7359109     -0.51024358        2.365019      0.07261429   2.1917753e-09       63.168594      0.35698786      0.14244784      0.24577981       0.2471112       2.4802484       9.5222271      0.78876648      0.99242533      0.47127583      0.60969384       2.1917753       1.8955012       13.851424       147.40125       2.6425075        2.6425075       5858.1535                       290.69332                             14.130509               5553.3297
              2       2930.9873       1.0057631       3.0811777      0.97917352       1.0424989     0.022459325      0.11851646       -1.018561      0.12220086       2.2397677     0.069814002   2.1784042e-09       68.252452      0.30401153      0.14162065      0.24589369      0.24722549       2.4322989       9.1552431      0.82415688      0.99758695      0.45441737       0.6119732       2.1784042       1.8945183       13.748053       147.39483        2.565168         2.565168       5856.8442                        292.8866                             14.043074               5549.9146
              5       2932.5801       1.0057631       3.0873006      0.98394381       1.0427809     0.022556789      0.11646619      -1.1978539     -0.10101668       2.3469001     0.075111722   2.1917833e-09       76.677485      0.23755311      0.13966785      0.24593548      0.24726743       2.4150639       9.5429456      0.88905205       1.0152974      0.43331882      0.62067945       2.1917833       1.8860639       13.577011       147.83444       2.7408843        2.7408843       5859.6784                       294.33362                             13.831696               5551.5131
              1        2933.491       1.0057631       3.0799023      0.98350953       1.0427809     0.022556789      0.11646619      -1.1978539     -0.10101668       2.3469001     0.075111722   2.1756277e-09       76.677485      0.23755311      0.13966785      0.24593548      0.24726743       2.4150639       9.5429456      0.88560483       1.0113606      0.43163866      0.61827282       2.1756277       1.8721617       13.577011       147.83444       2.7408843        2.7408843       5861.5003                        295.3833                             14.286935                 5551.83
              3       2933.5888       1.0057631        3.080022      0.98353719       1.0426125     0.022531883      0.11629132      -1.3033265      0.53120127       2.5403147     0.075552796    2.175888e-09        76.22533      0.24003588      0.13946807      0.24592481      0.24725672        2.419451        9.595221      0.87920134       1.0070214      0.43075113      0.61539984        2.175888       1.8707348       13.617533       147.90943       2.7611389        2.7611389       5861.6554                       294.87368                             14.948819               5551.8329
              2       2933.5936       1.0057631        3.080291      0.98358465       1.0426012     0.022533572      0.11627025      -1.2910368      0.49518628       2.5399708     0.075727136   2.1764734e-09       76.036365       0.2411969      0.13944868      0.24592553      0.24725745        2.419153        9.610204      0.87766111       1.0065056      0.43103518      0.61506326       2.1764734       1.8705857       13.619059       147.91322       2.7693832        2.7693832       5861.6484                       294.87963                             14.958342               5551.8104
              1       2933.3345       1.0057631       3.0831255       0.9836473       1.0426504     0.022581336      0.11637878      -1.4713385      0.51936985       2.4852326     0.077035227   2.1826514e-09       82.435004      0.20543649      0.13960498        0.245946      0.24727799       2.4107515       9.7004525      0.93274775       1.0273262      0.42276887      0.62796235       2.1826514       1.8709942       13.525336       147.83046       2.8355504        2.8355504        5860.998                       295.55966                             13.800337                5551.638
              1       2933.4208       1.0057631       3.0831296      0.98374135       1.0426199     0.022573636      0.11633377      -1.5311665      0.73290043         2.38461     0.077168638   2.1826604e-09       83.147289      0.20185556      0.13955227       0.2459427      0.24727468       2.4121031       9.7144492      0.93773211       1.0283827      0.42130745      0.62854875       2.1826604       1.8705027       13.527012        147.8512       2.8427261        2.8427261       5861.1562                       295.42352                             13.862056               5551.8706
              8       2934.0509       1.0057631       3.0695113      0.98029096       1.0426162     0.022583763      0.11788872     -0.48298179     -0.85067141       1.7976465     0.067746239   2.1531378e-09       59.651027      0.39659255      0.14111735      0.24594703      0.24727903       2.4103258        8.948353      0.73281036       0.9488174      0.46149168      0.58153752       2.1531378       1.8803045       13.885227       147.42332       2.5304285        2.5304285        5863.041                       295.79622                             18.335557               5548.9092
              4       2933.2447       1.0057631       3.0587125       0.9770405       1.0422027     0.022472536      0.11906681     -0.15302371      -1.9510234        2.361806     0.061169695   2.1300115e-09       56.391279      0.44712349      0.14218421      0.24589935      0.24723117       2.4299519       8.3694333      0.70599128      0.94014181      0.47207726      0.57730618       2.1300115       1.8847364       13.945442         147.234       2.5462716        2.5462716       5861.3968                       294.42222                             17.680263               5549.2943
              4       2933.6714       1.0057631       3.0686075      0.97283703       1.0422027     0.022472536      0.11906681     -0.15302371      -1.9510234        2.361806     0.061169695   2.1511927e-09       56.391279      0.44712349      0.14218421      0.24589935      0.24723117       2.4299519       8.3694333      0.70857225      0.94357879      0.47380308      0.57941671       2.1511927       1.9034785       13.945442         147.234       2.5462716        2.5462716       5862.2502                       293.98258                             16.081686               5552.1859
              1       2933.3351       1.0057631       3.0644268      0.97503882       1.0420325     0.022562603      0.11808467     -0.14346052      -2.9891628       2.3465636     0.060213364   2.1422179e-09       61.322192      0.37573588      0.14129214      0.24593797      0.24726993       2.4140416        8.185364       0.7562038      0.96567285       0.4635325      0.59205155       2.1422179       1.8991662       13.746855       147.39474       2.5645842        2.5645842       5861.5411                       294.94975                             14.435725               5552.1556
              1       2933.8272       1.0057631       3.0607112      0.97561897       1.0424671     0.022648682      0.11813724      -1.3058102      -2.1482164       2.4909875     0.058004436   2.1342731e-09       91.333939      0.16954289      0.14143079      0.24597476      0.24730686        2.398977        7.899906       1.0058374       1.0524747      0.41415945      0.64542782       2.1342731       1.9005004       13.374543       147.28498       2.6224198        2.6224198       5862.4095                       296.51324                             13.136795               5552.7595
              5       2930.8943       1.0057631       3.0538588      0.97707182       1.0424671     0.022648682      0.11813724      -1.3058102      -2.1482164       2.4909875     0.058004436   2.1196982e-09       91.333939      0.16954289      0.14143079      0.24597476      0.24730686        2.398977        7.899906       1.0031193       1.0496306      0.41304026      0.64368367       2.1196982        1.887522       13.374543       147.28498       2.6224198        2.6224198       5856.5438                       296.49436                             13.188775               5546.8606
              3       2930.9477       1.0057631       3.0476144       0.9770127       1.0424325     0.022630527      0.11816505      -1.3115496      -2.6480601       2.3852627     0.054836942   2.1065032e-09       94.434685      0.15860269      0.14144045      0.24596702      0.24729909       2.4021429       7.5845355       1.0237497       1.0534841      0.40770783      0.64605785       2.1065032        1.887693       13.346613       147.29774       2.7431972        2.7431972        5856.409                       296.05275                              13.24104               5547.1152
             11       2931.3202       1.0057631       3.0480157       0.9775945        1.042502     0.022680238      0.11792951      -1.2906038      -2.7686243        2.447164      0.05511435   2.1073487e-09       94.566567      0.15795282      0.14125461      0.24598819      0.24732033       2.3934886        7.597459        1.022405       1.0513665      0.40633726      0.64454731       2.1073487       1.8874032       13.336565       147.30515       2.7308379        2.7308379       5857.1786                        296.8084                             13.350038               5547.0202
              4       2931.2672       1.0057631       3.0460664      0.97743202       1.0424208     0.022678587      0.11798529      -1.2914173       -2.913578        2.424239     0.054125252   2.1032449e-09       95.330435      0.15549123      0.14130875      0.24598749      0.24731963       2.3937754       7.4981549        1.027635       1.0525025      0.40522091      0.64530552       2.1032449       1.8874578       13.332001       147.29215       2.7764692        2.7764692       5856.9814                       296.68636                             13.365214               5546.9298
              8       2931.1206       1.0057631       3.0483848      0.97792429       1.0424255      0.02265864      0.11781127      -1.3683847      -2.9491841       2.3465062     0.055694503   2.1081266e-09       98.677372        0.144923      0.14111477        0.245979      0.24731111        2.397243       7.6552801       1.0515226       1.0585462      0.40030157      0.64878822       2.1081266       1.8859104       13.312064       147.36065       2.7060961        2.7060961       5856.8291                       296.31228                              13.30225               5547.2145
             10       2930.7237       1.0057631       3.0502178      0.97784993       1.0420838     0.022637791      0.11772691      -1.2248735      -2.8949958       2.2612763     0.057111021   2.1119944e-09       93.142572      0.16253696      0.14100957      0.24597012       0.2473022       2.4008755       7.8023557       1.0135515       1.0501993      0.40862215      0.64355234       2.1119944       1.8840254       13.355813       147.40631        2.651971         2.651971       5856.1435                       296.02316                             13.306276               5546.8141
              1       2930.6571       1.0057631       3.0482499       0.9774868       1.0420725     0.022616287      0.11787655      -1.2121235      -2.9769186       2.2417851     0.055964017   2.1078422e-09       93.010468      0.16314711       0.1411377      0.24596094      0.24729299       2.4046304       7.6952256       1.0131116       1.0504887       0.4092107      0.64387585       2.1078422       1.8846399       13.358155       147.39039       2.6951111        2.6951111        5855.924                       295.72315                             13.292364               5546.9084
              3        2930.404       1.0057631       3.0538033      0.97697285       1.0420941       0.0225651      0.11816286      -1.2052238      -2.6798158       2.1051326     0.058680916   2.1195804e-09       91.109458      0.17030955      0.14137283      0.24593904      0.24727101       2.4136026       7.9836188       1.0045886       1.0524622      0.41457942      0.64535396       2.1195804       1.8848652       13.379798        147.3711        2.602404         2.602404       5855.6033                       295.24874                              13.12807               5547.2264
              4       2930.4137       1.0057631       3.0548352      0.97655457        1.041978     0.022573308      0.11837555      -1.1173261      -2.9540117       2.0355131     0.059076687   2.1217689e-09       89.532957      0.17663557      0.14159373      0.24594256      0.24727454       2.4121605       8.0245442      0.99545544       1.0520354      0.41837036      0.64534413       2.1217689       1.8853185       13.387951       147.30554       2.5916369        2.5916369       5855.6441                       295.55541                             13.136159               5546.9526
              1       2930.4512       1.0057631       3.0546554      0.97490548        1.041978     0.022573308      0.11837555      -1.1173261      -2.9540117       2.0355131     0.059076687   2.1213875e-09       89.532957      0.17663557      0.14159373      0.24594256      0.24727454       2.4121605       8.0245442        0.994565       1.0510944      0.41799612      0.64476687       2.1213875       1.8849795       13.387951       147.30554       2.5916369        2.5916369       5855.7191                       296.45293                             13.138526               5546.1277
              2        2930.621       1.0057631       3.0588726      0.97402553       1.0418733     0.022508382      0.11875451      -1.3147348      -2.1254575       1.9605981     0.061162879   2.1303526e-09       91.306189      0.17021808      0.14190776      0.24591473       0.2472466       2.4236012       8.2521418       1.0128029       1.0599242      0.41785709      0.65054352       2.1303526        1.885064        13.40189       147.27695       2.5463877        2.5463877       5856.1491                       296.30248                              13.36015               5546.4865
              2        2930.649       1.0057631       3.0584235      0.97391863       1.0418699     0.022496248      0.11880417      -1.3048467      -2.1940422       1.9420105     0.060911043   2.1293962e-09       91.325924      0.17018952      0.14194528      0.24590952      0.24724138       2.4257481       8.2310624       1.0133643       1.0603972      0.41805363       0.6508768       2.1293962       1.8851669        13.40166       147.27727       2.5508235        2.5508235       5856.1964                       296.21346                             13.380195               5546.6028
              1       2930.9671       1.0057631       3.0762848      0.97692999       1.0421758     0.022550377      0.11763973     -0.97960589      -2.6006383       1.9069752     0.071251088   2.1677716e-09       83.999888      0.19959658      0.14083497      0.24593273      0.24726468       2.4161922       9.1840255      0.95727809       1.0444767      0.42767579      0.63984738       2.1677716       1.8798605       13.428642       147.52697       2.6005046        2.6005046       5856.7333                        296.4584                             13.386975               5546.8879
              2       2930.8709       1.0057631       3.0757762      0.97579715       1.0420601     0.022485268      0.11802003     -0.63940711       -2.937503       2.0590687     0.070643872   2.1666694e-09        74.71118       0.2528775      0.14115016      0.24590481      0.24723665       2.4276935       9.1618379      0.88476492       1.0236114      0.44492109      0.62741579       2.1666694       1.8811878       13.525856       147.49828       2.5844539        2.5844539       5856.5729                       296.07288                             13.532231               5546.9678
              5       2931.2509       1.0057631       3.0754576      0.97422249        1.042307     0.022464355      0.11877687     -0.79574264      -2.4362998       2.2515793      0.06933304   2.1659791e-09       75.952165      0.24595718      0.14188609      0.24589585      0.24722765       2.4314048       9.0620007       0.8986883       1.0311907       0.4456961      0.63288377       2.1659791       1.8855253       13.527162       147.32022       2.5553916        2.5553916       5857.3911                       296.23769                             13.978808               5547.1746
              2        2932.561       1.0057631       3.0787549      0.96934364        1.042307     0.022464355      0.11877687     -0.79574264      -2.4362998       2.2515793      0.06933304   2.1731328e-09       75.952165      0.24595718      0.14188609      0.24589585      0.24722765       2.4314048       9.0620007      0.89831075       1.0307575      0.44550886      0.63261789       2.1731328       1.8917527       13.527162       147.32022       2.5553916        2.5553916       5860.0111                        298.2207                             14.353192               5547.4372
              2       2932.6107       1.0057631       3.0457012      0.96752006       1.0419272     0.022323058      0.11902105     -0.54392235      -2.7328983       2.3328976     0.052089942   2.1024769e-09       69.738715      0.29194884      0.14198898      0.24583545      0.24716704       2.4567084       7.4131922      0.83393341      0.99860653      0.45059332      0.61299659       2.1024769       1.8944646       13.624404       147.41272       2.8840457        2.8840457       5859.4532                       297.20999                              13.51227                5548.731
              3       2932.7157       1.0057631       3.0444416       0.9686284       1.0420453     0.022382774      0.11853521     -0.98422298       -2.063306       2.5103894     0.051830699   2.0998302e-09       79.210247      0.22562466      0.14156285      0.24586094      0.24719261       2.4459656       7.3539997      0.90856908       1.0208625      0.43156999      0.62618779       2.0998302        1.893061       13.519355       147.47535       2.8990699        2.8990699       5859.6332                       297.05335                             13.418529               5549.1613
              4        2934.816       1.0057631       3.0474935       0.9703178       1.0424801     0.022450695      0.11775122     -0.67736699      -1.9130827       2.7275168     0.053504068   2.1062486e-09       69.503381      0.29156478      0.14084678      0.24588999      0.24722178       2.4338337       7.5231664      0.81996654      0.98354257      0.44275519      0.60253169       2.1062486        1.892503       13.639771       147.60851       2.8073499        2.8073499       5864.0174                       297.27117                             15.082754               5551.6634
              1       2933.5418       1.0057631        3.080199      0.97280831       1.0427136     0.022535304      0.11705503     -0.87645043       -1.072715       2.4849241      0.07133813   2.1762733e-09       71.701821      0.27277004       0.1402352      0.24592627      0.24725819       2.4188476       9.2180771      0.84592033      0.99899742      0.44180212      0.61133411       2.1762733       1.8869045       13.618013       147.70031       2.6029397        2.6029397       5861.8777                       298.30746                             13.646688               5549.9235
              6       2933.6847       1.0057631       3.0768807      0.97300642       1.0427857     0.022444437       0.1170181     -0.42411598      -2.4010929       2.1288644     0.069821204   2.1690637e-09       66.500414      0.31681986      0.14010741      0.24588731      0.24721909       2.4349477       9.0989393      0.80216373      0.98367321      0.45151192      0.60181931       2.1690637       1.8863678       13.650161       147.81209       2.5653222        2.5653222       5862.2388                       297.95358                             13.761071               5550.5241
              1       2933.1258       1.0057631        3.083161      0.97278754       1.0426362     0.022464997      0.11716404     -0.32740914      -2.5023979        2.075264     0.073058697    2.182729e-09       64.530923      0.33685355       0.1402739      0.24589612      0.24722793       2.4312909       9.4001842      0.78750923      0.98032869      0.45706316      0.59995121        2.182729       1.8860007       13.683155        147.7498       2.6579858        2.6579858       5860.9357                       297.84886                             13.611371               5549.4755
              1       2933.4288       1.0057631        3.087049      0.97382585       1.0426592     0.022495238      0.11668658     -0.58347206      -1.5871649       2.0658987      0.07560654    2.191232e-09       66.668097      0.31459654      0.13982669      0.24590909      0.24724094       2.4259271       9.6192166      0.80331659      0.98384732      0.45057149      0.60162409        2.191232       1.8837244       13.681477        147.8441        2.763666         2.763666       5861.3304                       298.00575                             13.816842               5549.5078
              1       2933.1144       1.0057631       3.0837881      0.97271016       1.0425133     0.022417187      0.11706845     -0.60781884       -1.436239        2.160156      0.07375154   2.1840983e-09       66.100805      0.32071492       0.1401305      0.24587564      0.24720738       2.4398072       9.4838255      0.79943128      0.98328126      0.45273151      0.60160429       2.1840983       1.8845705       13.712692       147.82898       2.6838676        2.6838676       5860.8611                       297.71137                             13.837807               5549.3119
              5       2933.7402       1.0057631         3.09335      0.97024428       1.0427233     0.022490775      0.11837343      -1.1833477     -0.29150267       2.7017701     0.076884762   2.2050825e-09        76.23231      0.24350401      0.14150907      0.24590718      0.24723902       2.4267175       9.7599232      0.89854579        1.029131      0.44339753      0.63119964       2.2050825       1.8907913       13.583411       147.39782       2.8275523        2.8275523       5861.8253                       299.25636                             14.151973               5548.4169
              2       2933.1453       1.0057631       3.0874149       0.9700786       1.0426291     0.022427186      0.11840891     -0.74930412       -1.460357       2.4396326     0.073942693   2.1920339e-09       69.420428      0.29357796      0.14148097      0.24587992      0.24721167       2.4380224       9.5157005      0.83943314        1.007494      0.45482867      0.61789826       2.1920339        1.890695       13.650587       147.45929       2.6913839        2.6913839       5860.9079                       298.52776                               13.7907               5548.5894
              1       2933.0887       1.0057631       3.0837074       0.9694108       1.0426435     0.022425388      0.11866973     -0.74782111      -1.1256312       2.3458656     0.071603951   2.1839219e-09        67.57174      0.31042891      0.14173998      0.24587915       0.2472109       2.4383433        9.315127      0.82137026       0.9992092      0.45763587      0.61309746       2.1839219       1.8925297       13.696447        147.3919       2.6105848        2.6105848       5860.9562                       298.49151                             13.648144               5548.8165
              2       2932.7845       1.0057631       3.0751587      0.96828205       1.0418456     0.022399386      0.11870178     -0.57435907     -0.88543133       2.6718675     0.067693667   2.1653318e-09       60.861726      0.38266821      0.14174603      0.24586803      0.24719974         2.44299       8.9989015      0.75195207      0.96386904      0.46515892      0.59141966       2.1653318       1.8911522       13.894548       147.41239        2.529793         2.529793       5860.5094                       298.03966                             14.772409               5547.6973
              2       2932.5303       1.0057631       3.0761533      0.96712291       1.0417939     0.022373026       0.1192457     -0.54756439     -0.93920897       2.6752858     0.067686749   2.1674866e-09       60.279109      0.39152556      0.14226359      0.24585677      0.24718844       2.4477143       9.0174281      0.74989327      0.96586415      0.46922324      0.59318408       2.1674866       1.8930603       13.909384       147.29735       2.5297102        2.5297102       5860.0013                        298.1983                              14.35208               5547.4509
              1       2933.5843       1.0057631       3.0679057      0.96279307       1.0416991     0.022334205       0.1210775     -0.73544491      0.16430814       2.8135987     0.061182598   2.1496835e-09       58.811681      0.41649125      0.14405657      0.24584021      0.24717181       2.4546976        8.473115      0.73582796      0.95949892      0.47487492      0.59112287       2.1496835       1.9020941       14.024051        146.8575       2.5460523        2.5460523       5862.0765                       298.79914                             15.266394               5548.0109
              4       2932.3039       1.0057631       3.0602796      0.96454199       1.0416559     0.022400008      0.12024197      -1.5475009       1.5337805       2.7272921     0.058268208    2.133352e-09       76.028342      0.24788788      0.14328685       0.2458683          0.2472       2.4428786       8.0681077      0.89233282       1.0233851       0.4442777      0.62963765        2.133352       1.8986784       13.687905        147.0041       2.6143734        2.6143734        5859.379                       298.61721                             13.594706               5547.1671
              1       2932.7246       1.0057631       3.0497024      0.96291014       1.0414433     0.022259662      0.12086576      -1.3584646       1.1098721       2.3252002     0.052538848   2.1109062e-09       71.246301      0.28323342      0.14377029      0.24580833      0.24713981        2.468191       7.5418698      0.85126891       1.0085225      0.45304258      0.62101615       2.1109062       1.9003529       13.775103       146.99604       2.8587362        2.8587362       5859.7318                       299.04078                             13.711485               5546.9795
              1       2933.4182       1.0057631       3.0613117      0.96464822       1.0416332     0.022534212      0.12046839      -1.2029666       1.0236511       1.7544451     0.058262655    2.135555e-09       66.197082      0.32780855      0.14364747       0.2459258      0.24725772       2.4190401       8.0986667      0.79884151      0.98184108      0.45737325      0.60445739        2.135555       1.9006601       13.879351       146.79592       2.6145396        2.6145396       5861.6073                       299.04377                             15.033313               5547.5303
              4       2933.7711       1.0078975       3.0702128      0.96320508       1.0414646     0.022467744      0.12131836      -1.6747662       1.1856123       1.7255563     0.062612575   2.1546487e-09       80.582355      0.22242337      0.14443097       0.2458973      0.24722911       2.4308029       8.4861707      0.94311303       1.0506154      0.44478892      0.64767756       2.1546487       1.9010427       13.624528       146.64683       2.5263351        2.5263351       5862.4895                       300.76541                             15.761832               5545.9623
              1       2933.7807       1.0078975       3.0701403      0.96322821       1.0414701     0.022469036      0.12131103      -1.6768655       1.1733867       1.7248274      0.06257678   2.1544926e-09        80.75763      0.22144968      0.14442494      0.24589785      0.24722967       2.4305735       8.4815625       0.9445493       1.0510729      0.44449017      0.64795283       2.1544926       1.9010411       13.621374        146.6473       2.5267177        2.5267177       5862.5079                        300.7567                              15.78166               5545.9695
              7        2934.134       1.0059801       3.0430764      0.96233647       1.0407717     0.022423375      0.12151977      -1.1306392      -1.1856771      0.97477289     0.048962272   2.0969656e-09       78.622169      0.23390647      0.14458801      0.24587829      0.24721003       2.4387025       7.0883502      0.92465406       1.0428138      0.44719856      0.64304274       2.0969656        1.901355       13.566606       146.64311       3.0852438        3.0852438       5862.0975                       301.79966                             14.917364               5545.3805
              1       2935.3644       1.0059801        3.020313      0.95964341       1.0407344     0.022149768      0.12238917      -1.3202904     -0.82943476       1.0418232     0.036641175   2.0497707e-09       81.115023      0.22065592       0.1451838      0.24576073      0.24709205       2.4882839       5.7804249      0.94266198       1.0466593      0.44280629       0.6460779       2.0497707       1.9049306       13.583947         146.719        4.300831         4.300831       5862.1272                       301.91618                             14.260252               5545.9507
              3       2934.9371       1.0059801       3.0308168      0.96080182       1.0407417     0.022138234      0.12187205       -1.784487      0.33569514       1.2920152     0.042932225   2.0714145e-09       88.936566      0.18288294      0.14465515      0.24575569      0.24708698       2.4904067        6.494181       1.0037659       1.0643691      0.42925864      0.65641084       2.0714145       1.9009757       13.554932       146.86686       3.5958615        3.5958615       5862.6824                       302.49776                             14.417931               5545.7667
              1       2935.0369       1.0059801       3.0317945      0.96080804       1.0407373      0.02212385      0.12187243      -1.7287069      0.26455679       1.2585553     0.043484302   2.0734406e-09       87.449791      0.18913605      0.14464115      0.24574939      0.24708066       2.4930578       6.5597355      0.99308392       1.0619561      0.43188996      0.65490684       2.0734406       1.9007352       13.566606       146.88275       3.5423917        3.5423917        5862.989                       302.66412                             14.489149               5545.8357
              1       2934.7711       1.0059801       3.0331228      0.96098624       1.0407373      0.02212385      0.12187243      -1.7287069      0.26455679       1.2585553     0.043484302   2.0761967e-09       87.449791      0.18913605      0.14464115      0.24574939      0.24708066       2.4930578       6.5597355      0.99382863       1.0627524      0.43221382      0.65539795       2.0761967       1.9032617       13.566606       146.88275       3.5423917        3.5423917       5862.4574                       301.39392                             14.603375               5546.4601
              5       2933.7176       1.0059801       3.0302549      0.96406966       1.0409159     0.022239108      0.12045895      -1.8997597       1.4041561      0.82601596     0.043158222   2.0702509e-09       84.515965      0.20067754      0.14334293      0.24579949      0.24713095        2.471931       6.5144686      0.94889968       1.0321693      0.42507903      0.63510421       2.0702509       1.8990492       13.661079       147.12251       3.5738095        3.5738095       5860.2876                       299.38749                             14.038266               5546.8618
              3       2934.2062       1.0059801       3.0268027      0.97591581       1.0409159     0.022239108      0.12045895      -1.8997597       1.4041561      0.82601596     0.043158222   2.0631163e-09       84.515965      0.20067754      0.14334293      0.24579949      0.24713095        2.471931       6.5144686       0.9525165       1.0361035      0.42669926      0.63752497       2.0631163       1.8925047       13.661079       147.12251       3.5738095        3.5738095       5861.2647                       292.81424                              14.88653                5553.564
              1       2934.1295       1.0059801       3.0280822      0.97599078       1.0409233     0.022241625      0.12044855       -1.903145       1.4396833      0.78119119     0.043844095   2.0657578e-09       84.058472      0.20285672      0.14333505      0.24580058      0.24713204       2.4714726       6.5941208      0.94535282       1.0311057       0.4257833      0.63444105       2.0657578       1.8923302       13.673687       147.09399        3.508274         3.508274       5861.2424                       292.67842                             15.718096               5552.8459
              1       2934.1933       1.0059801       3.0274967      0.97558443       1.0408575     0.022228648      0.12064791      -1.9885023       1.3747967      0.77714023      0.04345921   2.0645486e-09        88.08976      0.18495491      0.14352142      0.24579499      0.24712643       2.4738374       6.5413604      0.98470652       1.0491657      0.42348668      0.64576319       2.0645486       1.8926788       13.616497       147.08647       3.5447925        3.5447925       5861.2969                       293.06928                             13.994925               5554.2327
              2        2932.486       1.0059801        3.040225       0.9769714       1.0411217     0.022452337      0.12034674      -1.3978068     -0.38547015      0.92807883     0.049589738   2.0909946e-09       82.654983      0.20996366      0.14344394       0.2458907      0.24722248       2.4335415       7.1330061      0.95067552       1.0456776      0.43561656      0.64352933       2.0909946       1.8935633        13.54217       146.91852       3.0413937        3.0413937       5858.8892                       294.69905                              13.50317                5550.687
              3       2932.1472       1.0059801       3.0478232      0.97743428       1.0411914     0.022511033      0.12020834      -1.2420992    -0.015198469      0.76545933     0.053447364   2.1069431e-09       75.043382      0.25457516      0.14336424      0.24591586      0.24724774       2.4231325          7.5389      0.88674517       1.0236291       0.4474112      0.62987278       2.1069431       1.8933418       13.644576       146.88991       2.8102542        2.8102542       5858.6739                       295.40075                             13.688976               5549.5842
              1       2932.0364       1.0059801       3.0432472      0.97614315       1.0412419     0.022518512      0.12073582      -1.1825197      0.14096369      0.86968186     0.050209717   2.0973236e-09       71.680536       0.2800631       0.1438992      0.24591907      0.24725096        2.421811       7.2254089      0.85665068       1.0118197      0.45334801      0.62318607       2.0973236       1.8969411       13.706612       146.74318       2.9997854        2.9997854       5858.0731                        295.4003                             13.979711               5548.6931
              1       2932.8301       1.0059801       3.0536558      0.97591979       1.0411869     0.022606994      0.12099141      -1.2167978     -0.13464923        1.104394     0.055268011    2.119268e-09       74.831007      0.25759201      0.14424328      0.24595697        0.247289       2.4062557        7.713316      0.89181926       1.0309463      0.45262969      0.63534548        2.119268       1.8974952       13.631901       146.57888       2.7241391        2.7241391       5860.2119                       297.84443                             14.015993               5548.3515
              1       2933.2353       1.0059801       3.0532987      0.97514956       1.0412005     0.022589767      0.12140181       -1.458934      0.24172995       1.0098856     0.054721281   2.1185112e-09       79.553882      0.22853618      0.14463644       0.2459496      0.24728161       2.4092728       7.6631195      0.93412015       1.0473023      0.44656042       0.6458646       2.1185112       1.8988929       13.592693       146.49048       2.7484512        2.7484512       5860.9737                       297.66942                             14.413328                5548.891
              1       2931.8637       1.0059801        3.055153      0.97140872       1.0412005     0.022589767      0.12140181       -1.458934      0.24172995       1.0098856     0.054721281   2.1224433e-09       79.553882      0.22853618      0.14463644       0.2459496      0.24728161       2.4092728       7.6631195      0.93343172       1.0465304      0.44623131      0.64538861       2.1224433       1.9024173       13.592693       146.49048       2.7484512        2.7484512       5858.2306                       297.86269                             14.589027               5545.7788
              1       2932.3302       1.0056424       3.0548918      0.96849348       1.0409264     0.022411563      0.12258236      -1.1542383   -0.0044262786      0.99341241     0.053810504    2.121889e-09       70.963816      0.28920322      0.14563879      0.24587324      0.24720496       2.4408121       7.6447244      0.86814601       1.0305624      0.46686824      0.63663946        2.121889       1.9053881       13.720361       146.37949       2.7919018        2.7919018       5859.0766                       296.60929                             15.757971               5546.7094
              5       2931.7204       1.0056424       3.0564334      0.96802979       1.0408816     0.022370497      0.12271631      -1.1305879      0.35696843       1.0714253      0.05454532   2.1251627e-09       67.388476      0.32090959      0.14573168      0.24585569      0.24718735       2.4481684       7.7584381      0.83323402        1.015019      0.47201776      0.62713735       2.1251627       1.9055253       13.821377       146.39008       2.7565585        2.7565585       5857.9276                       296.14126                              14.87769               5546.9086
              1       2930.5086       1.0056424       3.0693143      0.97042218       1.0419376     0.022419453      0.12196031      -1.0759083      0.38177063       1.3505219     0.060998139   2.1527136e-09       66.405856      0.32887361      0.14502463      0.24587661      0.24720835       2.4394026       8.3951237      0.82135978       1.0079297      0.47102932      0.62200044       2.1527136        1.905478       13.817609       146.53269       2.5492575        2.5492575       5855.9186                       294.05138                             14.527779               5547.3394
              3       2930.5131       1.0056424        3.065408      0.97107728       1.0419912      0.02251895        0.121604      -1.4060722       1.0716222       1.6333841     0.059029561    2.144321e-09       72.069962      0.27871698      0.14476781      0.24591926      0.24725115       2.4217335       8.1596278      0.86750551       1.0218687      0.45798785      0.63032292        2.144321       1.9055369       13.739768       146.51576       2.5928825        2.5928825       5855.8404                       295.20078                             14.133057               5546.5066
              3       2931.0124       1.0056424       3.0714534      0.97217697       1.0420836     0.022580907      0.12122839      -1.1626929      0.33442543       1.6325894     0.062407269   2.1573235e-09       70.055767      0.29433526      0.14445417      0.24594581       0.2472778       2.4108267       8.4603269      0.85210333       1.0180528      0.46228884      0.62762876       2.1573235       1.9041845       13.718964       146.54548       2.5286072        2.5286072       5856.9676                       296.23733                             14.401348                5546.329
              4       2930.6086       1.0056424       3.0759571      0.97550512       1.0418738     0.022615165      0.11956662      -1.0131468      0.41567937       1.6277875     0.066837873   2.1670612e-09       65.302495      0.33492666      0.14282665      0.24596046      0.24729251       2.4048265       8.8826053      0.79603381      0.98506895      0.46068744       0.6055764       2.1670612       1.8959049       13.841448       146.94366        2.521175         2.521175       5856.1749                       295.75434                             14.643799               5545.7768
              2       2930.0459       1.0056424        3.072198      0.97449487       1.0416931     0.022552208      0.11997696     -0.88267428     -0.10340558       1.5360572     0.064730953   2.1589304e-09       65.036523      0.33849295      0.14317403      0.24593352      0.24726546         2.41587       8.6846671      0.79919576      0.99100196      0.46497326      0.60959385       2.1589304       1.8967673       13.809939        146.9052       2.5138297        2.5138297       5855.0642                       295.07791                             14.003932               5545.9824
              6       2929.9385       1.0056424       3.0768922      0.97440607       1.0417088     0.022516038      0.12007731      -1.0473291       0.3141652       1.4453936     0.067252024   2.1690886e-09       66.749201      0.32148947      0.14323821      0.24591801       0.2472499        2.422248       8.9405751      0.81640842      0.99927367      0.46290391      0.61475089       2.1690886       1.8961074       13.807885       146.91883       2.5249391        2.5249391       5854.8271                       294.55826                             13.952144               5546.3167
              2       2929.9437       1.0056424       3.0797174       0.9752981       1.0417475     0.022479418      0.11970191     -0.65948254     -0.63930927       1.3533343     0.069220435   2.1752254e-09       62.707101       0.3632239       0.1428262       0.2459023      0.24723414       2.4287308       9.1199033      0.78120374      0.98652013      0.47081634      0.60646804       2.1752254       1.8940008       13.826339       147.05837       2.5532512        2.5532512       5854.7808                       293.91062                             13.985114               5546.8851
              4       2930.2035       1.0056424       3.0813613       0.9750415       1.0416894     0.022460191      0.11981851     -0.72281736     -0.77284099       1.5069641     0.070099088   2.1788042e-09       65.052965      0.33773002      0.14292357      0.24589406      0.24722586       2.4321448       9.1947857      0.80690745        1.000438      0.46893058      0.61512891       2.1788042        1.893786       13.768302       147.04906       2.5714482        2.5714482       5855.2641                       293.97487                              14.16587               5547.1234
              1       2930.2601       1.0056424       3.0858244      0.97497286       1.0416203     0.022477876      0.11986128     -0.61549987     -0.71358729       1.4778699     0.072379422   2.1885501e-09       61.831457      0.37399736      0.14298402      0.24590164      0.24723347       2.4290043        9.421968      0.77595739      0.98680906      0.47453925      0.60681318       2.1885501       1.8936012       13.847903       147.01824       2.6346819        2.6346819       5855.2508                       294.31177                              14.11944               5546.8196
              2       2930.1976       1.0056424       3.0861385      0.97510295       1.0416643     0.022463212      0.11979894     -0.44280651     -0.96162276       1.4322374      0.07256517   2.1892378e-09       59.123266      0.40882431      0.14290702      0.24589536      0.24722716        2.431608         9.45189      0.74871789      0.97373101      0.47872551      0.59869053       2.1892378       1.8934927       13.901431        147.0509       2.6408506        2.6408506       5855.1134                       293.92695                             14.162894               5547.0236
              2       2930.1839       1.0056424       3.0858071      0.97511993       1.0416598     0.022463152      0.11978395     -0.44164251     -0.94852052       1.4293542     0.072409102   2.1885123e-09        59.01933      0.41022231      0.14289197      0.24589533      0.24722714       2.4316187         9.43839      0.74732569      0.97277584      0.47865164      0.59808751       2.1885123       1.8934561       13.905724       147.05492       2.6356573        2.6356573       5855.0965                       293.91549                              14.17179               5547.0092
              8       2930.3928       1.0056424       3.0830507      0.97435889       1.0418434      0.02254594      0.12026142     -0.50626867     -0.59716167       1.1448774     0.069973237   2.1824883e-09       58.640269      0.41717223      0.14345223      0.24593083      0.24726277       2.4169735       9.2126466      0.74180953      0.96871145      0.47912641      0.59617156       2.1824883       1.8974657       13.929451       146.83734       2.5686313        2.5686313       5855.6484                       294.95343                             14.351617               5546.3433
              4       2930.6119       1.0052207       3.0834274      0.97474069       1.0418798     0.022537558      0.12007071     -0.32536718     -0.80790204        1.101238     0.070326007   2.1833104e-09       55.871267      0.45890956      0.14325314      0.24592724      0.24725916       2.4184504       9.2598469      0.71190174      0.95241405      0.48226262      0.58593822       2.1833104       1.8968417       13.999465       146.89678       2.5767052        2.5767052       5856.0704                        294.5676                             14.979006               5546.5238
              2       2930.4375       1.0052207       3.0858253      0.97707118       1.0420929     0.022529295      0.11914568      -1.4064054      0.53890524       1.2099992     0.072939838   2.1885522e-09       77.071085      0.23959762      0.14231984       0.2459237       0.2472556       2.4199074       9.4147521      0.90846895       1.0348189      0.44468383      0.63559535       2.1885522       1.8914818       13.628438       147.15003         2.65376          2.65376       5855.5674                       294.27051                             13.914283               5547.3827
              1       2930.3838       1.0052207       3.0838704      0.97792145       1.0421729     0.022601293      0.11875288      -1.4369206      0.66626854       1.2558537     0.072069723    2.184278e-09       77.415601      0.23693456      0.14199904      0.24595453      0.24728655       2.4072536       9.3102339        0.906081       1.0297997      0.44104331       0.6321558        2.184278       1.8910758       13.624289        147.1743       2.6247377        2.6247377       5855.5181                       295.14128                             13.558725                5546.818
              1       2930.2285       1.0052207       3.0810682      0.97752324       1.0421061     0.022585157      0.11888883      -1.4929813      0.76147471       1.2541383     0.070545146   2.1781656e-09       78.480782      0.23074115      0.14211885      0.24594763      0.24727963       2.4100812        9.174392       0.9148312       1.0326646      0.43944395      0.63404814       2.1781656       1.8915428       13.617861       147.15601       2.5819992        2.5819992        5855.293                       294.89199                             13.551874               5546.8491
              6       2930.1325       1.0052207       3.0710762      0.97697616       1.0422796     0.022539245      0.11918743      -1.4227991      0.46036245      0.81134415     0.064909218   2.1565099e-09       77.999252      0.23401425      0.14237154      0.24592796      0.24725989       2.4181529       8.6567523      0.90947152       1.0297787      0.43995702      0.63255702       2.1565099       1.8939654       13.609968       147.12793       2.5136872        2.5136872       5855.2376                       294.14451                             13.529618               5547.5635
              2       2930.0098       1.0052207       3.0690596      0.97676895       1.0422037     0.022509029      0.11922655      -1.2216296     0.015839484      0.79965932     0.063905771   2.1521653e-09       75.039198      0.25285642      0.14238045        0.245915      0.24724688       2.4234867       8.5647258      0.88621371       1.0230441      0.44563106      0.62843007       2.1521653       1.8939468       13.623036       147.15112       2.5163296        2.5163296        5854.987                       293.66781                              13.57173               5547.7474
              1       2930.6475       1.0052207       3.0604084      0.97877918       1.0424661      0.02255334      0.11840773      -1.2926847     -0.80280404      0.67867827     0.060087129   2.1336269e-09       84.623858      0.19774059      0.14160594        0.245934      0.24726595       2.4156707       8.1400298      0.95855425       1.0420062      0.42625022      0.63920572       2.1336269       1.8920276       13.454027       147.31903       2.5673051        2.5673051       5856.1604                       294.12653                             13.253209               5548.7806
              2       2931.5478       1.0052207       3.0600017      0.98172668       1.0424661      0.02255334      0.11840773      -1.2926847     -0.80280404      0.67867827     0.060087129   2.1327594e-09       84.623858      0.19774059      0.14160594        0.245934      0.24726595       2.4156707       8.1400298      0.95968047       1.0432304      0.42675102      0.63995674       2.1327594       1.8912583       13.454027       147.31903       2.5673051        2.5673051       5857.9611                       293.89644                             13.287709               5550.7769
              1        2931.672       1.0034979       3.0670999      0.98233769       1.0425466     0.022582056      0.11824473       -1.162711      -1.1526905      0.67139493     0.063883809   2.1479519e-09        83.07948      0.20496603      0.14147165       0.2459463      0.24727829       2.4106251       8.4977406      0.95014033       1.0424155      0.43015868      0.63930518       2.1479519        1.890322       13.448569       147.33046       2.5164375        2.5164375       5858.3112                       294.36475                             13.290986               5550.6555
              1       2931.4088       1.0034979       3.0617026      0.98227675       1.0422287     0.022536115      0.11822372     -0.71469807      -2.8886151      0.52053008      0.06153855     2.13639e-09       80.788544      0.21665278       0.1414047      0.24592662      0.24725854       2.4187046       8.2739968      0.93407757       1.0392213      0.43477551      0.63727078         2.13639       1.8889864       13.420681       147.38717       2.5402947        2.5402947        5857.737                       293.17888                             13.255705               5551.3024
              2       2933.7529       1.0111541       3.0595531      0.98334636       1.0422293      0.02250336      0.11770385     -0.97754004      -2.8340607      0.63932899     0.061241091   2.1318028e-09       88.515012      0.17977504      0.14085208      0.24591257      0.24724444       2.4244894       8.2387037      0.98976257       1.0520165      0.41965821      0.64448584       2.1318028       1.8860521       13.368742       147.56237       2.5450675        2.5450675       5862.4157                       296.55003                             13.120459               5552.7452
              1       2933.7303       1.0111541       3.0606584      0.98329505       1.0422181     0.022503499      0.11773876     -0.99766182      -2.8113166      0.65212463     0.061805189   2.1341603e-09         88.9492      0.17806855      0.14088712      0.24591263       0.2472445       2.4244649         8.29406      0.99381312       1.0537406      0.41937094      0.64558217       2.1341603       1.8860089       13.367244       147.55288       2.5363507        2.5363507       5862.3879                       296.54704                             13.113523               5552.7273
              4       2933.8498       1.0111541       3.0645629      0.98385636       1.0421687      0.02247299      0.11742708     -0.83836732      -2.7152511      0.62574854     0.064297998   2.1425096e-09       83.566986      0.20125456      0.14054494      0.24589955      0.24723137       2.4298713        8.539867       0.9525816        1.042041      0.42734149      0.63802636       2.1425096       1.8839711       13.409534       147.67031        2.514764         2.514764       5862.6701                       296.15605                             13.167921               5553.3462
              1         2932.72       1.0111541       3.0661413      0.98046085       1.0421687      0.02247299      0.11742708     -0.83836732      -2.7152511      0.62574854     0.064297998   2.1458938e-09       83.566986      0.20125456      0.14054494      0.24589955      0.24723137       2.4298713        8.539867      0.95183953       1.0412293      0.42700858      0.63752933       2.1458938        1.886947       13.409534       147.67031        2.514764         2.514764       5860.4104                       296.86888                             13.153132               5550.3884
              3       2932.2129       1.0111541       3.0558415      0.97056809       1.0418839     0.022331091      0.12170143     -0.66035621      -0.6144646      0.26893768     0.053955903   2.1239051e-09       63.167326      0.36258989      0.14467739      0.24583888      0.24717048       2.4552592       7.6758855      0.79113619      0.99541689      0.47638611      0.61391066       2.1239051        1.906644       13.793429       146.69765       2.7847179        2.7847179       5858.8563                       296.23359                             14.472915               5548.1498
              3       2933.9227       1.0111541       3.0538751       0.9688463       1.0421491     0.022137257      0.12247999     -0.99631062     0.034548573      0.36257778     0.052327025   2.1197328e-09       66.274898      0.33071526      0.14526212      0.24575526      0.24708656       2.4905866       7.5760363      0.82199016       1.0096994      0.47270885      0.62334744       2.1197328       1.9091078       13.808652       146.70919       2.8705673        2.8705673       5862.1043                       296.21207                             14.715844               5551.1764
              1       2934.3906       1.0111541        3.054585      0.97185129       1.0421491     0.022137257      0.12247999     -0.99631062     0.034548573      0.36257778     0.052327025    2.121238e-09       66.274898      0.33071526      0.14526212      0.24575526      0.24708656       2.4905866       7.5760363      0.82320815       1.0111955      0.47340929      0.62427108        2.121238       1.9104634       13.808652       146.70919       2.8705673        2.8705673       5863.0401                       294.80148                             14.801408               5553.4372
              2       2934.8643       1.0111541       3.0523663      0.97200692       1.0421491     0.022137257      0.12247999     -0.99631062     0.034548573      0.36257778     0.052327025   2.1165369e-09       66.274898      0.33071526      0.14526212      0.24575526      0.24708656       2.4905866       7.5760363      0.82234343       1.0101333      0.47291201      0.62361534       2.1165369       1.9062294       13.808652       146.70919       2.8705673        2.8705673       5863.9875                       294.79437                             14.690552               5554.5026
              3       2934.9359       1.0111541       3.0539102      0.97361664       1.0420461     0.022100698      0.12171859      -1.1171217      0.27005885      0.16534943     0.054362312   2.1198072e-09       67.501944      0.31704984      0.14446415      0.24573922      0.24707046       2.4973337       7.7952952      0.82695388       1.0065217       0.4656344      0.62053056       2.1198072       1.9014192       13.828866       146.94125       2.7651364        2.7651364       5864.3415                       294.18842                             14.292526               5555.8606
              4        2932.377      0.99714587       3.0549867      0.97143713       1.0420461     0.022100698      0.12171859      -1.1171217      0.27005885      0.16534943     0.054362312   2.1220903e-09       67.501944      0.31704984      0.14446415      0.24573922      0.24707046       2.4973337       7.7952952      0.82671141       1.0062266      0.46549787      0.62034862       2.1220903        1.903467       13.828866       146.94125       2.7651364        2.7651364       5859.2237                       292.04807                             14.197974               5552.9777
              2       2932.1967      0.99714587       3.0628507       0.9728579       1.0421672     0.022144992      0.12109918     -0.82842117     0.052870324      0.26910348     0.058891572   2.1388441e-09       61.714988      0.37778649      0.14388904      0.24575865      0.24708995       2.4891627       8.2623203      0.76979369      0.97989383       0.4731486      0.60351206       2.1388441       1.9011946       13.934536       147.06209       2.5965864        2.5965864       5859.2002                       291.83437                              14.80234               5552.5635
              2       2931.4935      0.99714587       3.0699388      0.97877107       1.0424566     0.022501266      0.11874101      -0.8785015     -0.78638965       0.1699876      0.06438747   2.1540585e-09       71.921519      0.27429971      0.14188714      0.24591167      0.24724354         2.42486       8.5928293      0.86044623       1.0145987      0.45064692      0.62270173       2.1540585       1.8937875       13.596318       147.28852       2.5145026        2.5145026       5857.9581                       295.22859                             13.547345               5549.1821
              5       2931.4206      0.99714587       3.0625576      0.97876118       1.0422491     0.022384847      0.11864635     -0.32120203      -2.8857888      0.16412583     0.061125162   2.1382175e-09       70.911911      0.28174622      0.14167606      0.24586182       0.2471935        2.445594       8.2850861      0.85572743       1.0161922      0.45421816      0.62344762       2.1382175        1.892166        13.51946       147.44347       2.5470341        2.5470341       5857.7471                       293.10787                             13.562768               5551.0765
              2       2931.4656      0.99714587       3.0625896      0.97889515       1.0422603     0.022379449      0.11859457     -0.42376081      -2.8184227      0.20292021     0.061251809   2.1382858e-09       73.003933       0.2657227      0.14161889      0.24585952      0.24719119       2.4465619       8.2962412      0.87344668       1.0222645       0.4502469      0.62710977       2.1382858       1.8917472       13.500766       147.46326       2.5448887        2.5448887       5857.8413                       292.99915                              13.53407               5551.3081
              6       2932.9322      0.99714587       3.0578611      0.97190455       1.0422603     0.022379449      0.11859457     -0.42376081      -2.8184227      0.20292021     0.061251809   2.1281988e-09       73.003933       0.2657227      0.14161889      0.24585952      0.24719119       2.4465619       8.2962412      0.86889428       1.0169364      0.44790021      0.62384127       2.1281988       1.8828232       13.500766       147.46326       2.5448887        2.5448887       5860.7746                       300.26251                             13.421712               5547.0904
              3       2932.9348      0.99714587       3.0581455      0.97193855        1.042267     0.022382435      0.11858514     -0.42736646      -2.8268712      0.21189041     0.061400923   2.1288042e-09       73.128898      0.26480328      0.14161244      0.24586079      0.24719247       2.4460264       8.3098383       0.8699802        1.017337      0.44768346      0.62407992       2.1288042       1.8827972       13.498958       147.46242       2.5424541        2.5424541       5860.7847                       300.28455                             13.424639               5547.0755
              2       2931.9876      0.99714587       3.0601693      0.97226825        1.042267     0.022382435      0.11858514     -0.42736646      -2.8268712      0.21189041     0.061400923   2.1331168e-09       73.128898      0.26480328      0.14161244      0.24586079      0.24719247       2.4460264       8.3098383      0.87097849       1.0185044      0.44819717      0.62479604       2.1331168       1.8866114       13.498958       147.46242       2.5424541        2.5424541       5858.8902                       298.21396                             13.490302               5547.1859
              1       2931.9706      0.99714587       3.0604282      0.97235325       1.0422356     0.022386443      0.11854846     -0.49134986      -2.8055288      0.24416956     0.061632813   2.1336691e-09       74.577535      0.25455706      0.14157977       0.2458625      0.24719419       2.4453079       8.3296839      0.88305739       1.0225509      0.44553467      0.62724212       2.1336691        1.886225       13.486487       147.46774       2.5388643        2.5388643       5858.8635                       298.26606                             13.483646               5547.1138
              5       2931.9268      0.99714587       3.0601604      0.97291522       1.0422356     0.022386443      0.11854846     -0.49134986      -2.8055288      0.24416956     0.061632813   2.1330978e-09       74.577535      0.25455706      0.14157977       0.2458625      0.24719419       2.4453079       8.3296839      0.88314606       1.0226535       0.4455794       0.6273051       2.1330978       1.8857199       13.486487       147.46774       2.5388643        2.5388643       5858.7759                       297.99648                             13.466703               5547.3127
              5       2931.9766      0.99714587       3.0543067      0.97377144       1.0422872     0.022330679      0.11804085     -0.73697813      -2.2905469      0.29205627     0.059288032   2.1206477e-09       78.294298      0.23004316      0.14101639       0.2458387       0.2471703       2.4553335       8.1024798      0.90748857       1.0255955      0.43525706      0.62848294       2.1206477       1.8835259        13.47183        147.6654       2.5861724        2.5861724       5858.7808                       297.12939                             13.228936               5548.4225
              3       2931.9571      0.99714587       3.0609856      0.97195387       1.0421398      0.02233778      0.11881342     -0.39826683      -2.3345514      0.51806245     0.061799708   2.1348589e-09       68.472916      0.30243116      0.14179607      0.24584173      0.24717334       2.4540533       8.3742576      0.83108838       1.0043563       0.4570466      0.61631657       2.1348589       1.8866469       13.592305       147.45149       2.5364286        2.5364286       5858.8414                       297.96458                             13.542459               5547.3343
