#        weight    minuslogpost             yp2            logA              ns    theta_MC_100           ombh2           omch2               w              wa         beta_DE             tau              As              H0          omegam        omegamh2             YHe             Y_p           DHBBN            zrei          sigma8            s8h5      s8omegamp5     s8omegamp25               A           clamp             age           rdrag   minuslogprior minuslogprior__0            chi2 chi2__pyactlike.ACTPol_lite_DR4 chi2__act_dr6_lenslike.ACTDR6LensLike chi2__wmaplike.WMAPLike
              1        3991.743      0.84747095       3.0471755      0.96767492       1.0410258     0.022516029      0.12089614      -1.1337965      0.12125761       0.8144425     0.090247843   2.1055788e-09       70.173507      0.29254193      0.14405704      0.24591801      0.24724989       2.4222497       11.010566      0.84317631       1.0065418         0.45605      0.62010527       2.1055788       1.7578557       13.737019       146.70388       3.9302323        3.9302323       7975.6256                       1867.0092                              13.72319               6094.8932
              1       3397.4313      0.96076705       3.0475738      0.96754869           1.041     0.022516113      0.12095335      -1.0105207    -0.056938584      0.76442855     0.090382737   2.1064177e-09       67.936013      0.31225331      0.14411433      0.24591804      0.24724993       2.4222347       11.026317      0.82388695      0.99958008      0.46038498      0.61587757       2.1064177       1.7580817       13.763888       146.68881       3.9454097        3.9454097       6786.9717                       678.28392                               13.7899               6094.8979
              1       3386.0406      0.96076705       3.0465132      0.97193334       1.0410597     0.022703548      0.11917725     -0.87063205      -2.4154565      0.86777044     0.091644622   2.1041847e-09       80.534122       0.2197522      0.14252567      0.24599808      0.24733026       2.3894464       10.984583      0.92679436       1.0327458       0.4344602      0.63455123       2.1041847       1.7517913         13.4659       146.94862       4.0913042        4.0913042       6763.8986                       670.62015                             13.240229               6080.0383
              1       3372.0362      0.96076705       3.0323701      0.97020985       1.0410734     0.022738966      0.11972368     -0.59144154      -2.6309319       1.2362385     0.083110342   2.0746344e-09        72.75867      0.27032918      0.14310751      0.24601305      0.24734528       2.3833242       10.254996      0.85872074        1.006722       0.4464763      0.61919178       2.0746344       1.7569235       13.544178       146.76557       3.2425232        3.2425232       6737.5873                       666.07334                             13.464369               6058.0496
              8       3218.1512      0.96076705       3.0528936      0.98448284       1.0410734     0.022738966      0.11972368     -0.59144154      -2.6309319       1.2362385     0.083110342   2.1176533e-09        72.75867      0.27032918      0.14310751      0.24601305      0.24734528       2.3833242       10.254996      0.87266231       1.0230665      0.45372497      0.62924453       2.1176533       1.7933544       13.544178       146.76557       3.2425232        3.2425232       6429.8174                       528.98754                             13.624908               5887.2049
              1        3169.587      0.96076705       3.0593462      0.98290401       1.0410734     0.022738966      0.11972368     -0.59144154      -2.6309319       1.2362385     0.083110342   2.1313618e-09        72.75867      0.27032918      0.14310751      0.24601305      0.24734528       2.3833242       10.254996      0.87491481       1.0257072      0.45489612      0.63086873       2.1313618       1.8049636       13.544178       146.76557       3.2425232        3.2425232       6332.6889                       510.56464                             13.808915               5808.3153
              3       3158.6502      0.96076705       3.0704545      0.98560036       1.0413474     0.023072551        0.118652      -0.4945857      -2.4387754         1.65763     0.088903476   2.1551696e-09       69.073123       0.2983998      0.14236942       0.2461513      0.24748403       2.3268063        10.64449      0.83456519       1.0041665      0.45588944      0.61682206       2.1551696       1.8041011       13.572464       146.68085       3.7833937        3.7833937       6309.7336                        513.4545                             13.543615               5782.7355
              3       3158.6529      0.96076705       3.0704553      0.98560033       1.0413473     0.023072553      0.11865206     -0.49456822      -2.4392792       1.6576694     0.088903966   2.1551713e-09       69.075192      0.29838205      0.14236948       0.2461513      0.24748404       2.3268058       10.644527      0.83458594       1.0041764      0.45588721      0.61682822       2.1551713       1.8041008       13.572416       146.68083       3.7834458        3.7834458       6309.7389                         513.456                             13.543477               5782.7394
              1       3074.8582        1.019833       3.0853738      0.99044659       1.0418221     0.023303827      0.11683655     -0.45321204       -2.840824       1.4377336     0.097986713   2.1875643e-09        71.88135      0.27247376      0.14078524      0.24624719      0.24758027        2.288772       11.279457      0.85269521         1.00574      0.44509853      0.61606281       2.1875643       1.7982524       13.474461       146.90711       4.9317205        4.9317205       6139.8529                       356.17668                             13.452456               5770.2237
              5       3067.9444        1.019833       3.0737401      0.98989198       1.0421378     0.023413344       0.1171058     -0.91121234      -2.4776902       1.8648449     0.090938654   2.1622622e-09       82.603139       0.2068859      0.14116402      0.24629221      0.24762546       2.2710858       10.663107      0.93494538       1.0286982      0.42525721      0.63054918       2.1622622       1.8026858       13.362409       146.71569       4.0088106        4.0088106       6127.8711                       356.06696                             13.498521               5758.3056
              1        3063.656        1.019833       3.0879246      0.99416807       1.0426333      0.02343892       0.1152625     -0.26526654      -2.8521109       1.6629597     0.099862462   2.1931513e-09       67.251878      0.30809636      0.13934629      0.24630259      0.24763588       2.2669844       11.361008      0.79934798      0.97472853      0.44368952      0.59553532       2.1931513       1.7960944       13.514831       147.17835       5.2145384        5.2145384       6116.8829                       355.77481                             15.787029               5745.3211
              1       3018.5997        1.019833       3.0958636      0.98831199       1.0426333      0.02343892       0.1152625     -0.26526654      -2.8521109       1.6629597     0.099862462   2.2106321e-09       67.251878      0.30809636      0.13934629      0.24630259      0.24763588       2.2669844       11.361008      0.80075909      0.97644924      0.44447277      0.59658663       2.2106321       1.8104104       13.514831       147.17835       5.2145384        5.2145384       6026.7703                       350.34021                             14.657006               5661.7731
              5       2992.9075        1.019833       3.1035921      0.99176686       1.0426333      0.02343892       0.1152625     -0.26526654      -2.8521109       1.6629597     0.099862462   2.2277831e-09       67.251878      0.30809636      0.13934629      0.24630259      0.24763588       2.2669844       11.361008      0.80490548      0.98150536      0.44677428       0.5996758       2.2277831       1.8244564       13.514831       147.17835       5.2145384        5.2145384       5975.3859                       336.42821                             14.166827               5624.7908
              1       2993.6487       1.0015401       3.1062664      0.99175285       1.0425948     0.023456785      0.11527276     -0.21864051       -2.726957       1.6468968      0.10121919   2.2337489e-09       65.375858      0.32609808      0.13937441      0.24630982      0.24764313       2.2641259       11.470104      0.78830947      0.97496279      0.45016411      0.59570851       2.2337489       1.8243849       13.552606       147.15594       5.4288463        5.4288463       5976.4397                        337.4331                             14.315041               5624.6916
              4       2992.9948       1.0015401       3.1016654      0.99006505        1.042746     0.023544929      0.11608893     -0.21672987      -2.5038624       1.6926624     0.097317258    2.223495e-09        63.82908      0.34431397      0.14027873      0.24634531      0.24767875       2.2500992       11.157108      0.77460825      0.96955583      0.45452674      0.59336343        2.223495       1.8302375       13.585381       146.84153       4.8345692        4.8345692       5976.3205                       340.58773                             14.417762                5621.315
              1       2992.5742       1.0015401       3.0979859      0.99030271       1.0426615     0.023565129      0.11592189     -0.32569704      -2.3429086       1.7121526     0.095621862   2.2153288e-09       65.767446      0.32397761      0.14013188      0.24635343       0.2476869       2.2469026       11.005321      0.78984863      0.97395385      0.44957419      0.59589895       2.2153288       1.8297093        13.55649       146.86472       4.5974431        4.5974431       5975.9536                       340.92864                             14.640876                5620.384
              1       2980.1523       1.0015401        3.105629      0.99839575       1.0426615     0.023565129      0.11592189     -0.32569704      -2.3429086       1.7121526     0.095621862   2.2323256e-09       65.767446      0.32397761      0.14013188      0.24635343       0.2476869       2.2469026       11.005321      0.79524521      0.98060831      0.45264587      0.59997038       2.2323256       1.8437475        13.55649       146.86472       4.5974431        4.5974431       5951.1098                       333.75821                             14.410181               5602.9414
              3       2978.5625       1.0015401       3.1001407      0.99745594       1.0426614     0.023492523      0.11626395     -0.42814788      -2.0793174       1.7329952     0.092505036   2.2201076e-09       66.807239      0.31457501      0.14040134      0.24632423       0.2476576       2.2584234       10.779437      0.80478564      0.98461955      0.45138001      0.60271399       2.2201076       1.8451223       13.557463       146.85237         4.19484          4.19484       5948.7352                       330.45357                             14.428239               5603.8534
              6       2977.4129       1.0015401       3.0918095      0.99197972       1.0426075     0.023399141      0.11864152    -0.091998284      -2.5093358       2.0350255     0.085309331   2.2016882e-09       59.168844      0.40756207      0.14268553      0.24628642      0.24761965       2.2733681        10.28348      0.74131419      0.96373087      0.47325934       0.5923123       2.2016882       1.8563381       13.725185        146.3266       3.4302664        3.4302664       5947.9653                       328.67815                             14.516214               5604.7709
              1        2976.861       1.0108448       3.0945156      0.99173506       1.0425321     0.023374037      0.11882043     -0.21757316      -2.7573069       2.0662555     0.086796721   2.2076543e-09       63.221137      0.35737421      0.14283933      0.24627615      0.24760934       2.2774104       10.400186      0.78567039      0.98811897      0.46967992       0.6074649       2.2076543       1.8558394       13.621288       146.30702       3.5694401        3.5694401       5946.5832                       323.67613                             13.880066                5609.027
              2       2978.8711       1.0108448       3.0892925      0.98938154       1.0425034     0.023301753      0.11989545      -1.0589477     -0.76815036       1.8450943     0.083178573   2.1961534e-09        75.56133      0.25193397      0.14384207      0.24624633      0.24757941        2.289109       10.119544      0.90108705       1.0366137      0.45228284      0.63839346       2.1961534       1.8595792       13.502838       146.10473       3.2480256        3.2480256       5951.2461                       322.05145                             14.489336               5614.7053
              1       2973.4955       1.0108448       3.0697851      0.98524721       1.0422864     0.023064946      0.12127877     -0.70155431     -0.79106569       2.2337092     0.071712843   2.1537273e-09       64.085676       0.3530302      0.14498858      0.24614816      0.24748088       2.3280729       9.2280337      0.79550177       0.9937123      0.47265807      0.61318866       2.1537273       1.8659574       13.733589       146.00271       2.6138072        2.6138072       5941.7633                       313.78956                             14.363571               5613.6102
              1       2967.2077       1.0108448       3.0748152      0.98914669       1.0422864     0.023064946      0.12127877     -0.70155431     -0.79106569       2.2337092     0.071712843   2.1645881e-09       64.085676       0.3530302      0.14498858      0.24614816      0.24748088       2.3280729       9.2280337      0.79863543      0.99762676      0.47451998      0.61560415       2.1645881        1.875367       13.733589       146.00271       2.6138072        2.6138072       5929.1879                       313.88076                             14.552291               5600.7548
              3       2967.4537       1.0108448       3.0778808      0.98919949       1.0422022     0.023053423      0.12122734     -0.68813038      -0.6330952       2.2592561     0.073491239   2.1712341e-09       62.786817      0.36762773      0.14492563       0.2461434      0.24747611        2.329994       9.4042651      0.78569308      0.99155931      0.47638389      0.61179369       2.1712341       1.8744462        13.77823       146.02857       2.6738936        2.6738936       5929.5595                       313.25157                             14.645036               5601.6629
              1       2966.0148       1.0108448       3.0604582      0.99246067       1.0418847     0.023109982       0.1195183      -0.9466844      -1.1034765       2.2289354     0.066675717   2.1337333e-09       73.430889       0.2657096      0.14327315      0.24616677      0.24749956       2.3205867       8.6779974      0.87222415       1.0178616      0.44960562      0.62622431       2.1337333       1.8673526       13.556405       146.41225       2.5199089        2.5199089       5926.9898                       313.99477                              13.97052               5599.0245
              1       2966.4654       1.0108448       3.0609605      0.99181446       1.0417473     0.023161108      0.11982971     -0.37104898      -2.4559167       2.2400713     0.066431168   2.1348052e-09       64.463894       0.3456442      0.14363568      0.24618794      0.24752081       2.3121312        8.660317      0.79381326      0.98868986      0.46669483      0.60866127       2.1348052       1.8692047       13.652608       146.27497       2.5182205        2.5182205       5927.8943                       316.66629                             14.343952               5596.8841
              1       2966.6748       1.0108448       3.0643379      0.99344088       1.0419326     0.023295811      0.11908223     -0.29828854      -2.0326663       2.4345325     0.068401186   2.1420274e-09       60.538274      0.39025235      0.14302291      0.24624386      0.24757694       2.2900746       8.8262035       0.7479054      0.96123959      0.46721786      0.59113007       2.1420274       1.8681533       13.755779       146.32366       2.5393757        2.5393757       5928.2708                       321.79177                              16.69001                5589.789
              1         2966.82       1.0108448       3.0639013      0.99376034        1.041956     0.023283694      0.11892239     -0.13686563      -2.1573145       2.3006925     0.068324064   2.1410924e-09       57.591341      0.43069394      0.14285095      0.24623884      0.24757189       2.2920457       8.8355344      0.71673439      0.94445147      0.47037325      0.58063128       2.1410924       1.8676259       13.829852       146.37872       2.5382231        2.5382231       5928.5635                       321.18773                             18.604982               5588.7708
              1       2965.6751       1.0108448       3.0515458      0.99352879       1.0420158     0.023285578      0.11891347      -0.1397158      -2.4373443       2.4255187     0.061698875   2.1148009e-09       58.753009      0.41381051      0.14284392      0.24623962      0.24757268        2.291739       8.2026216      0.72501614      0.94587254      0.46638914      0.58149777       2.1148009        1.869298       13.782704       146.37902       2.5378854        2.5378854       5926.2744                       321.21904                             19.304809               5585.7506
              4       2964.8735       1.0108448       3.0315044      0.99105367       1.0416446     0.023039914      0.11998554     -0.67179337      -2.4808084         1.65424     0.051301721   2.0728392e-09       73.584019      0.26533836      0.14367032      0.24613783      0.24747051        2.332249       7.1859799      0.86888233       1.0129062      0.44757002      0.62360699       2.0728392       1.8707059       13.508084       146.36656        2.930653         2.930653       5923.8858                       311.81429                              14.44834               5597.6232
              2       2939.8607       1.0108448       3.0391788      0.97709793       1.0416446     0.023039914      0.11998554     -0.67179337      -2.4808084         1.65424     0.051301721   2.0888082e-09       73.584019      0.26533836      0.14367032      0.24613783      0.24747051        2.332249       7.1859799      0.86718228       1.0109243       0.4466943      0.62238684       2.0888082       1.8851176       13.508084       146.36656        2.930653         2.930653       5873.8601                       308.78511                             13.518901               5551.5561
              1       2939.3673       1.0108448       3.0377101      0.97537778       1.0417919     0.022992444      0.12077271     -0.37871752      -2.4791587       1.4901834     0.049406633   2.0857427e-09       66.017449      0.33134456      0.14441002      0.24611826      0.24745088       2.3401979       7.0262787      0.80400578       0.9895319      0.46280612      0.60999901       2.0857427       1.8894991       13.610985        146.2131        3.054009         3.054009       5872.6266                       307.62232                              13.75451               5551.2498
              1       2937.4564       1.0108448       3.0431833      0.97657362       1.0420806     0.022844589      0.12028182     -0.50850289      -2.6814649       1.6842579     0.053119299   2.0971897e-09       70.015593      0.29328009      0.14377127      0.24605724      0.24738963       2.3652085       7.4221337      0.84120232       1.0053171      0.45555598      0.61904341       2.0971897       1.8858141       13.554783       146.50303       2.8273379        2.8273379        5869.258                       303.56713                             13.545698               5552.1452
