#        weight    minuslogpost             yp2            logA              ns    theta_MC_100           ombh2           omch2               w              wa         beta_DE             tau              As              H0          omegam        omegamh2             YHe             Y_p           DHBBN            zrei          sigma8            s8h5      s8omegamp5     s8omegamp25               A           clamp             age           rdrag   minuslogprior minuslogprior__0            chi2 chi2__pyactlike.ACTPol_lite_DR4 chi2__act_dr6_lenslike.ACTDR6LensLike chi2__wmaplike.WMAPLike
              1       3943.0382      0.80660875       3.0522491      0.96028739       1.0405582     0.022630538      0.11999997     -0.83105544     -0.65897881      0.85692751     0.060733081   2.1162888e-09       67.650343      0.31306286      0.14327538      0.24596703      0.24729909        2.402141       8.2436357      0.81757074      0.99400905      0.45744735      0.61155177       2.1162888       1.8742299       13.724207       146.81256        2.554128         2.554128       7880.9682                       2319.1912                             13.523655               5548.2533
              2       3010.7101       1.0523899       3.0531934      0.96081621        1.040659      0.02267457      0.11980439     -0.81461801     -0.78927405      0.92368771     0.061238886   2.1182881e-09       68.172342      0.30796084      0.14312382      0.24598578      0.24731791       2.3944731       8.2758274      0.82140267      0.99483717        0.455831      0.61189934       2.1182881       1.8741037       13.701366        146.8154       2.5451044        2.5451044       6016.3299                       454.62606                             13.493142               5548.2107
              2        2949.179       1.0191103        3.054741      0.96205072       1.0406182     0.022795039      0.11928327     -0.68045167     -0.79565892      0.73101493     0.062350377   2.1215691e-09       65.114586      0.33661845      0.14272317       0.2460366      0.24736892       2.3736803       8.3549721      0.78953803      0.97843935      0.45808072      0.60139184       2.1215691       1.8728385       13.744538       146.81971         2.52927          2.52927       5893.2995                       330.80638                             13.720033                5548.773
              1       2949.0734       1.0191103       3.0572599       0.9620921       1.0406841     0.022807463      0.11934036     -0.80844285     -0.52226095      0.65419983     0.063569485   2.1269198e-09         66.6549        0.321397      0.14279269      0.24604179      0.24737413       2.3715517       8.4710868      0.80377227      0.98450285      0.45567366      0.60519241       2.1269198       1.8729896       13.732222       146.79095       2.5182164        2.5182164       5893.1103                       330.41585                              13.63148                5549.063
              3       2949.0468       1.0191103       3.0457366      0.96570403       1.0407126     0.022857815      0.11759424      -1.6725371      0.56060679      0.67245869     0.059706521   2.1025512e-09       86.675112      0.18781433      0.14109693      0.24606272      0.24739514       2.3629551       8.0299382      0.94986883       1.0202731      0.41164989      0.62531064       2.1025512       1.8658905       13.522086       147.19745       2.5759376        2.5759376       5892.9418                       331.27084                             14.581407               5547.0895
              2       2949.4753       1.0191103       3.0334319      0.96130895       1.0404552     0.022765551      0.11954229      -1.5124411      0.02819554      0.41073706     0.051363885   2.0768385e-09       83.982361      0.20268249      0.14295271      0.24602424      0.24735651       2.3787443       7.2416021      0.94102248       1.0268475      0.42365088      0.63139924       2.0768385       1.8740821       13.535291       146.78401       2.9268769        2.9268769       5893.0968                        331.3431                             13.418791               5548.3349
              1       2947.6668       1.0191103       3.0402384      0.96228529       1.0408985     0.022698178      0.11952891      -1.2596156      -2.4503678      0.28818844     0.055025211   2.0910228e-09       93.968338      0.16180201      0.14287196       0.2459958      0.24732797       2.3903768       7.6055704       1.0246234       1.0569964      0.41215088      0.64984571       2.0910228       1.8731152       13.370546       146.86182        2.734772         2.734772       5889.8641                       328.48272                             13.334065               5548.0473
              1       2942.7298       1.0191103       3.0544354      0.96737271       1.0408985     0.022698178      0.11952891      -1.2596156      -2.4503678      0.28818844     0.055025211   2.1209207e-09       93.968338      0.16180201      0.14287196       0.2459958      0.24732797       2.3903768       7.6055704         1.03458       1.0672676      0.41615589      0.65616047       2.1209207       1.8998974       13.370546       146.86182        2.734772         2.734772         5879.99                       316.22633                             13.968809               5549.7949
              4        2933.554       1.0065703       3.0472181      0.97405501       1.0408985     0.022698178      0.11952891      -1.2596156      -2.4503678      0.28818844     0.055025211   2.1056685e-09       93.968338      0.16180201      0.14287196       0.2459958      0.24732797       2.3903768       7.6055704       1.0343509       1.0670312      0.41606371      0.65601514       2.1056685       1.8862346       13.370546       146.86182        2.734772         2.734772       5861.6384                       301.83104                             13.364985               5546.4424
              8       2933.6134       1.0065703       3.0455624      0.97366542       1.0408467     0.022688123      0.11965348      -1.1581782      -2.5659372      0.32500611     0.054023611    2.102185e-09       91.129361      0.17217825      0.14298647      0.24599154      0.24732369       2.3921202       7.5096036       1.0139086       1.0621103      0.42071494      0.65312057        2.102185       1.8868901        13.38763       146.84013       2.7814047        2.7814047        5861.664                         301.937                             13.388892               5546.3381
              3       2933.5639       1.0065703       3.0456456      0.97352812       1.0408467     0.022688123      0.11965348      -1.1581782      -2.5659372      0.32500611     0.054023611   2.1023601e-09       91.129361      0.17217825      0.14298647      0.24599154      0.24732369       2.3921202       7.5096036       1.0138818       1.0620823      0.42070382      0.65310331       2.1023601       1.8870473        13.38763       146.84013       2.7814047        2.7814047       5861.5651                       301.95899                             13.394417               5546.2116
              1       2934.1188       1.0065703       3.0122501      0.97136087       1.0405925     0.022428116      0.12011015      -1.6320929     -0.83568255     -0.12516113     0.036775346   2.0333099e-09       94.752674      0.15948099      0.14318313      0.24588032      0.24721207       2.4378565       5.7064506       1.0277092       1.0557826      0.41041641      0.64945264       2.0333099        1.889126       13.440983       147.00773       4.2839601        4.2839601       5859.6698                       299.47033                              13.46282               5546.7366
              1       2934.0361       1.0065703       3.0129742      0.97203028       1.0406313     0.022459235       0.1198124      -1.6639429     -0.72516321     -0.10717699     0.037389376   2.0347829e-09       95.343376      0.15721766       0.1429165      0.24589365      0.24722545       2.4323149       5.7687215       1.0293785       1.0542166      0.40815561      0.64818717       2.0347829       1.8881743       13.435624       147.05165       4.2077723        4.2077723       5859.6566                       299.50844                             13.637532               5546.5106
              6        2935.064       1.0065703       3.0217829      0.97383753       1.0406313     0.022459235       0.1198124      -1.6639429     -0.72516321     -0.10717699     0.037389376   2.0527858e-09       95.343376      0.15721766       0.1429165      0.24589365      0.24722545       2.4323149       5.7687215        1.034882       1.0598528      0.41033777      0.65165265       2.0527858       1.9048801       13.435624       147.05165       4.2077723        4.2077723       5861.7125                       298.36546                             13.310848               5550.0362
              5       2935.6032       1.0065703       3.0185349      0.96516774       1.0406313     0.022459235       0.1198124      -1.6639429     -0.72516321     -0.10717699     0.037389376   2.0461292e-09       95.343376      0.15721766       0.1429165      0.24589365      0.24722545       2.4323149       5.7687215        1.028621       1.0534408      0.40785526      0.64771019       2.0461292       1.8987031       13.435624       147.05165       4.2077723        4.2077723       5862.7908                       301.51494                             13.272075               5548.0038
              3       2935.2714       1.0065703       3.0238125      0.96558311       1.0407182     0.022503091      0.11972337      -1.3692457      -1.0796924     -0.27883347      0.04001125   2.0569564e-09       88.526891      0.18230335      0.14287132      0.24591246      0.24724433        2.424537       6.0602958      0.98123938       1.0428873      0.41895974      0.64117064       2.0569564       1.8987673       13.458174       147.02644        3.901308         3.901308       5862.7403                        301.2672                             13.229786               5548.2433
              1       2934.1705       1.0065703       3.0354514      0.96653251       1.0407047     0.022466975      0.11936689      -1.1903007      -1.2613871     -0.35549949     0.046706593   2.0810369e-09       84.575937      0.19918489      0.14247873      0.24589697      0.24722878       2.4309395       6.7969703      0.95557903       1.0390662      0.42647621      0.63838211       2.0810369       1.8954439       13.480936       147.16071       3.2573327        3.2573327       5861.8263                        301.3864                             13.202479               5547.2374
              1       2933.9643       1.0065703       3.0340571      0.96832227       1.0408046     0.022480537      0.11865315      -1.6038765      -1.1218182     -0.47782604     0.046939041   2.0781375e-09       98.310154      0.14669449      0.14177855      0.24590279      0.24723462       2.4285322       6.8004545       1.0496611       1.0586439      0.40202772      0.64960977       2.0781375       1.8919233       13.389211       147.33485       3.2385539        3.2385539       5861.4515                       300.91734                             13.181564               5547.3526
              9       2933.3981       1.0065703       3.0316041      0.96600352       1.0408278     0.022395868      0.11982918      -1.4744216      -1.8987125     -0.69655986     0.044522619    2.073046e-09       98.946908      0.14592723      0.14286991      0.24586653      0.24719823       2.4436196       6.5708344       1.0643373       1.0699861      0.40658133       0.6578295        2.073046       1.8964311       13.378046       147.11756        3.445498         3.445498       5859.9051                       300.12906                             13.200398               5546.5757
              1       2933.7973       1.0065703       3.0253997      0.96515836       1.0408971     0.022383737      0.12010211      -1.3534427      -1.6685876     -0.65536524     0.040726432   2.0602238e-09        92.83216      0.16608711      0.14313071      0.24586135      0.24719303        2.445793       6.1610247       1.0192601       1.0578785      0.41538709      0.65068233       2.0602238       1.8990652       13.415944       147.05902       3.8230158        3.8230158       5859.9485                       299.55229                             13.165603               5547.2306
              5        2933.476       1.0050238       3.0258336      0.96535332       1.0409557     0.022415774      0.12007988      -1.3759167      -1.6152681     -0.79133863     0.040865335   2.0611179e-09        93.58733      0.16342875      0.14314052      0.24587504      0.24720677       2.4400597       6.1700357       1.0242922       1.0588034      0.41408365      0.65126234       2.0611179       1.8993616       13.406432       147.02944       3.8080734        3.8080734       5859.3359                        298.8347                              13.15477               5547.3464
              1       2933.7474       1.0050238       3.0276237      0.96483152       1.0408301     0.022435331      0.12031143      -1.3351881      -1.6072197     -0.77659967     0.041583833   2.0648109e-09       91.887557      0.16982843      0.14339163      0.24588341      0.24721517       2.4365699       6.2504329       1.0144941       1.0583302      0.41807551      0.65125659       2.0648109       1.9000325       13.419402        146.9467       3.7321509        3.7321509       5860.0305                       299.70635                             13.271159                5547.053
              6       2933.6128       1.0050238       3.0502014      0.96321114       1.0410307     0.022360697      0.12117064      -1.2116672      -1.1262601     -0.29484631     0.052335233   2.1119597e-09       82.839307       0.2100974      0.14417621      0.24585151      0.24718316       2.4499288       7.4424258      0.96159418         1.05651      0.44075999        0.651024       2.1119597       1.9020758       13.509546       146.80374       2.8701051        2.8701051       5861.4853                       299.49543                             15.702175               5546.2877
              2       2932.6736       1.0050238        3.060271      0.96408226       1.0412313     0.022438463      0.12094322      -1.1896113    -0.097175972     -0.78105874     0.057470176   2.1333338e-09       74.037381      0.26274864      0.14402655      0.24588475      0.24721652       2.4360117       7.9718675      0.88553022       1.0291481      0.45391405       0.6339989       2.1333338        1.901695       13.651321       146.77741        2.639665         2.639665       5860.0679                       298.87818                              14.71973                 5546.47
              1       2933.3098       1.0050238       3.0570925      0.96518507       1.0412066     0.022435868      0.12018751     -0.22065054     -0.52520838       -1.039399     0.056261954   2.1265638e-09       54.826954       0.4766084      0.14326824      0.24588364       0.2472154       2.4364743       7.8843652      0.69834625      0.94313474      0.48211612      0.58024476       2.1265638       1.9002464       13.978365       146.97866       2.6833432        2.6833432       5861.2528                       298.27307                             14.560507               5548.4192
              2       2933.0691       1.0050238       3.0583631      0.96538291        1.041186     0.022421423      0.12009655     -0.21410228     -0.56601318      -1.0410393     0.057115976   2.1292674e-09       55.095279      0.47163011      0.14316284      0.24587746       0.2472092        2.439051       7.9672139       0.7019291      0.94566226      0.48205213      0.58169272       2.1292674       1.8994152       13.963174       147.01866       2.6517974        2.6517974       5860.8345                       298.30015                             14.369263               5548.1651
              3       2932.7991       1.0050238       3.0613597       0.9683179        1.041186     0.022421423      0.12009655     -0.21410228     -0.56601318      -1.0410393     0.057115976   2.1356576e-09       55.095279      0.47163011      0.14316284      0.24587746       0.2472092        2.439051       7.9672139      0.70359937       0.9479125       0.4831992      0.58307688       2.1356576       1.9051155       13.963174       147.01866       2.6517974        2.6517974       5860.2947                        295.4814                             14.379941               5550.4333
