#        weight    minuslogpost             yp2            logA              ns    theta_MC_100           ombh2           omch2               w              wa         beta_DE             tau              As              H0          omegam        omegamh2             YHe             Y_p           DHBBN            zrei          sigma8            s8h5      s8omegamp5     s8omegamp25               A           clamp             age           rdrag   minuslogprior minuslogprior__0            chi2 chi2__pyactlike.ACTPol_lite_DR4 chi2__act_dr6_lenslike.ACTDR6LensLike chi2__wmaplike.WMAPLike
              1       3222.7093       1.0210873       3.0429708      0.96464324       1.0408457     0.022174065      0.12003367      -1.1339914       0.2082987       1.3518785     0.084458341   2.0967442e-09       69.625683      0.29467903       0.1428526      0.24577134      0.24710269       2.4838211       10.591572      0.83375782      0.99920635      0.45259998      0.61429535       2.0967442       1.7708666       13.786832       147.31067       3.3550623        3.3550623       6438.7085                       489.24158                             13.924488               5935.5424
              3       3221.2212        1.022078       3.0415595      0.96455991       1.0408578     0.022181489      0.12005856      -1.0287039     0.072881101       1.3212221     0.083606484    2.093787e-09        67.45057       0.3140618      0.14288491      0.24577457      0.24710593       2.4824597       10.520209      0.81340765      0.99041097      0.45584355      0.60892252        2.093787       1.7713845       13.819202       147.29579        3.283005         3.283005       6435.8765                       489.03932                             14.233224               5932.6039
             10       3193.5409        1.022078        3.019772      0.96515742       1.0408967     0.022487667      0.11977015      -1.4903607      0.30396818       1.4152119     0.071631777    2.048662e-09       81.021267      0.21769193      0.14290269      0.24590584      0.24723769       2.4272682       9.2980513      0.91633283       1.0180139      0.42753769      0.62591279        2.048662       1.7752182       13.592811       147.03121       2.6114032        2.6114032       6381.8589                       469.96238                             14.292231               5897.6043
              2       3194.1359        1.022078       3.0195199      0.96488825       1.0409023     0.022475005      0.11988129      -1.4996248      0.40222415       1.4198107     0.071381987   2.0481457e-09       80.536258      0.22047364      0.14300116      0.24590041      0.24723224       2.4295137       9.2826346      0.91281841       1.0171586      0.42861042      0.62549459       2.0481457       1.7756576       13.604321       147.01599       2.6041794        2.6041794       6383.0635                       470.47882                             14.311555               5898.2731
              4       3194.3782        1.022078       3.0186669      0.96484812       1.0408813      0.02246973      0.11988005      -1.5346627      0.44550558       1.4453794     0.070974307   2.0463992e-09       81.427718      0.21566281      0.14299465      0.24589815      0.24722997       2.4304502       9.2445792      0.91962516       1.0191186      0.42706942      0.62669273       2.0463992       1.7755907       13.596571       147.02213       2.5929852        2.5929852       6383.5704                       470.82547                             14.296123               5898.4488
              3       3194.9223        1.022078       3.0083109      0.96307938        1.040691     0.022391739      0.12049189     -0.98300879     -0.50558199       1.3846021     0.064967323   2.0253161e-09       70.070854      0.29232322       0.1435285      0.24586476      0.24719646       2.4443589       8.7194205      0.82705069      0.98801474      0.44716086      0.60813214       2.0253161       1.7785371       13.716936       146.94751       2.5136712        2.5136712       6384.8172                       473.41753                              15.23584               5896.1639
              2       3156.3245        1.022078        3.014188       0.9704686        1.040691     0.022391739      0.12049189     -0.98300879     -0.50558199       1.3846021     0.064967323   2.0372541e-09       70.070854      0.29232322       0.1435285      0.24586476      0.24719646       2.4443589       8.7194205      0.83189982      0.99380763      0.44978264      0.61169772       2.0372541       1.7890204       13.716936       146.94751       2.5136712        2.5136712       6307.6217                       421.99567                             15.103985                5870.522
              1       3148.7165        1.022078       3.0220025      0.96872927       1.0410144     0.022501385      0.12143809     -0.53073732     -0.84195937       1.6184342     0.067067243   2.0532367e-09       59.812519      0.40414488      0.14458435      0.24591173      0.24724359       2.4248388       8.9539238       0.7401567      0.95703457      0.47053531      0.59014393       2.0532367        1.795499       13.901582       146.57836       2.5231655        2.5231655       6292.3867                       416.28224                             16.479806               5859.6247
              2       3146.3131       1.0221684       3.0269198      0.97005391       1.0411777     0.022570618      0.12091602     -0.75447326    -0.079637172       1.5727386     0.069973132   2.0633579e-09       60.879733      0.38887806      0.14413151      0.24594141      0.24727338       2.4126331       9.2236438      0.74432137      0.95394671      0.46415946       0.5877787       2.0633579       1.7938935       13.929339       146.63845       2.5686289        2.5686289        6287.489                       414.32217                             18.730387               5854.4365
              1       3139.9611       1.0221684       3.0262546      0.97166188       1.0412302     0.022625309      0.12006946     -0.95343898     0.036170931       2.1801857     0.070403023   2.0619859e-09       66.020913       0.3288541      0.14333964       0.2459648      0.24729685        2.403054       9.2008265      0.78981745      0.97204408      0.45292714      0.59810514       2.0619859       1.7911601       13.801407       146.80007       2.5785414        2.5785414       6274.7652                       412.37964                             17.346167               5845.0394
              1       3125.3066       1.0221684       3.0328704      0.97704228       1.0410564     0.023104945      0.11794922     -0.82820387      -1.3818093       1.9549552     0.075497285   2.0756727e-09       72.197855       0.2718431      0.14169904      0.24616469      0.24749747       2.3214223       9.4534711      0.83611044       0.9840145      0.43593606      0.60373065       2.0756727       1.7847721       13.579829       146.83067       2.7585422        2.7585422       6245.0961                       404.83163                             16.902019               5823.3624
              1       3032.2356       1.0221684        3.048407      0.96985802       1.0410564     0.023104945      0.11794922     -0.82820387      -1.3818093       1.9549552     0.075497285   2.1081735e-09       72.197855       0.2718431      0.14169904      0.24616469      0.24749747       2.3214223       9.4534711      0.84019136      0.98881732       0.4380638      0.60667736       2.1081735        1.812718       13.579829       146.83067       2.7585422        2.7585422       6058.9542                       380.25992                             14.694705               5663.9995
              1       3027.2038       1.0221684       3.0437035      0.97311328       1.0412677     0.023140325      0.11638291     -0.41323067      -2.5733654       2.1353172     0.074470512   2.0982809e-09       67.380081      0.30873518       0.1401681      0.24617933      0.24751217       2.3155629       9.3233591      0.78834962       0.9604021      0.43803814      0.58764548       2.0982809       1.8079206       13.604211        147.2079       2.7129813        2.7129813       6048.9816                       378.67081                             18.384031               5651.9268
              3       3027.5972       1.0221684       3.0431313      0.97275357        1.041215     0.023132837      0.11650756    -0.062589496       -2.918823       1.9862123      0.07396658   2.0970806e-09       60.588162       0.3821523      0.14028526      0.24617623      0.24750905       2.3168012       9.2997872      0.72745901      0.93457602      0.44970402      0.57196262       2.0970806       1.8087084       13.722224        147.1829       2.6923345        2.6923345       6049.8098                       378.81363                             20.314195                5650.682
              2       3027.1949       1.0221684       3.0544653      0.97539475       1.0413044     0.023379582      0.11545984    -0.088851753      -2.6624504       2.1278435     0.080417679   2.1209842e-09        59.99113      0.38757094      0.13948429      0.24627842      0.24761162       2.2765167       9.7925741      0.71612837       0.9245861      0.44582712      0.56503933       2.1209842       1.8058743        13.73698       147.19082       3.0419018        3.0419018       6048.3059                       379.50901                             23.177101               5645.6198
              1       3027.0861       1.0221684       3.0662283      0.97893315       1.0415332      0.02343092      0.11414761     -0.29527158      -2.4785615       1.5791837     0.088107794   2.1460807e-09       66.216922      0.31524164       0.1382234      0.24629935      0.24763262       2.2682661       10.374747      0.77125009      0.94778697      0.43302904      0.57790456       2.1460807       1.7993539       13.573945       147.48671       3.7002692        3.7002692       6046.7716                       379.61831                             20.725327                5646.428
              1       2983.9348       1.0186134        3.078271      0.98741867       1.0415332      0.02343092      0.11414761     -0.29527158      -2.4785615       1.5791837     0.088107794   2.1720816e-09       66.216922      0.31524164       0.1382234      0.24629935      0.24763262       2.2682661       10.374747      0.77833323      0.95649141      0.43700596      0.58321202       2.1720816        1.821154       13.573945       147.48671       3.7002692        3.7002692       5960.4691                       340.45493                             19.105474               5600.9087
              1       2985.2162       1.0186134        3.077155      0.98718591       1.0413681     0.023432872      0.11417646     -0.32775841      -1.9858776       1.4426699     0.087611204   2.1696588e-09       64.466913      0.33266305      0.13825419      0.24630014      0.24763342       2.2679532       10.342912      0.76115251      0.94798889      0.43900955      0.57805988       2.1696588       1.8209303       13.633081       147.47677       3.6498167        3.6498167       5963.1329                       341.56762                             20.530206                5601.035
              1       2956.0304       1.0186134       3.0914024      0.98770475       1.0413681     0.023432872      0.11417646     -0.32775841      -1.9858776       1.4426699     0.087611204   2.2007921e-09       64.466913      0.33266305      0.13825419      0.24630014      0.24763342       2.2679532       10.342912      0.76673658      0.95494365      0.44223027      0.58230072       2.2007921       1.8470596       13.633081       147.47677       3.6498167        3.6498167       5904.7611                       330.78484                             17.992701               5555.9836
              3       2955.8355       1.0186134       3.0930772      0.98692417        1.041301     0.023425532      0.11455344     -0.40014838      -1.9279587       1.4952278     0.088161532    2.204481e-09       65.791799      0.32025388      0.13862384      0.24629716      0.24763043       2.2691299       10.396725      0.78176598       0.9638088      0.44240901       0.5880989        2.204481       1.8481202       13.614422       147.38338       3.7057946        3.7057946       5904.2595                       330.63326                             16.595993               5557.0303
              2       2955.9794       1.0186134       3.0995412      0.98770812       1.0415343     0.023440765      0.11462661     -0.92126952      -1.6078155      0.73227733     0.091661133   2.2187769e-09       81.189074      0.21043579      0.13871224      0.24630334      0.24763663       2.2666888       10.655371      0.91620049       1.0168145      0.42029123      0.62054092       2.2187769       1.8471314       13.385139        147.3469         4.09326          4.09326       5903.7723                       329.68638                             13.749331               5560.3366
              1       2954.8962       1.0186134       3.1075791      0.98570122       1.0416052     0.023371743      0.11556777     -0.12038981      -2.2345263      0.55081642     0.094590053   2.2366832e-09        62.86855      0.35315872      0.13958438      0.24627521      0.24760839       2.2777803       10.961763      0.77013522        0.971293      0.45766948      0.59368963       2.2366832       1.8511627       13.604222       147.17058       4.4593827        4.4593827       5900.8737                       327.19508                              13.62159                5560.057
              2        2953.343       1.0186134       3.1042091      0.98437883       1.0414051     0.023149417      0.11599991     -0.19195539      -2.1415289      0.54792573     0.093148506   2.2291581e-09       63.658515      0.34496586      0.13979419      0.24618309      0.24751594       2.3140607       10.918644       0.7812099      0.97912804      0.45883422      0.59870346       2.2291581       1.8502615       13.620371       147.30022       4.2744208        4.2744208       5898.1373                       322.40079                              13.45907               5562.2774
              4       2953.9271       1.0186134       3.1058924      0.98563422       1.0412666     0.022992546      0.11530119     -0.20574555      -1.9276033      0.37520904     0.095500459   2.2329136e-09       63.194636      0.34790646       0.1389386       0.2461183      0.24745092       2.3401808       11.145399      0.77515144      0.97509392      0.45721219      0.59532234       2.2329136        1.844681        13.65053        147.6618       4.5809533        4.5809533       5898.6923                       320.75595                             13.653634               5564.2827
              4       2950.9217        1.007252       3.0771471      0.98113155       1.0407638     0.022802224      0.11664329      0.03848224      -1.3324311      0.76986214     0.079285479   2.1696416e-09       52.548161      0.50733317      0.14009038       0.2460396      0.24737193       2.3724489       9.9271189      0.66004551      0.91053181      0.47013276      0.55705387       2.1696416       1.8514906       14.060703       147.51295       2.9671687        2.9671687       5895.9091                       312.18853                             21.954195               5561.7664
              2       2940.0182        1.007252       3.0960327      0.97597264       1.0407638     0.022802224      0.11664329      0.03848224      -1.3324311      0.76986214     0.079285479    2.211006e-09       52.548161      0.50733317      0.14009038       0.2460396      0.24737193       2.3724489       9.9271189      0.66534808      0.91784668      0.47390963      0.56152904        2.211006       1.8867894       14.060703       147.51295       2.9671687        2.9671687       5874.1021                       305.79983                             17.999958               5550.3024
              1       2941.9368        1.007252       3.0951005      0.97572669       1.0407848     0.022791706      0.11672402     0.087882003      -1.1997841      0.75109836     0.078651479   2.2089458e-09        50.76732      0.54382285      0.14016059      0.24603521      0.24736752       2.3742518       9.9076951      0.64349933      0.90314187      0.47454437      0.55260201       2.2089458        1.887423       14.160739       147.50303       2.9278086        2.9278086       5878.0181                        305.7023                             21.416269               5550.8995
              1       2938.1347        1.007252       3.0889699      0.97703108       1.0411779     0.022817066      0.11625571     -0.24789466      -1.1775805      0.70759808     0.075677815   2.1954452e-09       58.001258      0.41531388      0.13971765      0.24604579      0.24737815       2.3699085       9.5556921       0.7183085      0.94317504      0.46291284      0.57664047       2.1954452       1.8870772       13.873155       147.60034       2.7670371        2.7670371       5870.7354                       303.44846                             16.151422               5551.1355
              2       2937.9181        1.007252       3.0781783      0.97734765       1.0409848     0.022750354      0.11594014     -0.28396167      -1.3342096      0.58609918     0.070771469   2.1718801e-09        60.18097       0.3847184      0.13933536      0.24601785       0.2473501       2.3813606       9.1018356      0.73712315         0.95019      0.45720559       0.5805315       2.1718801       1.8852308       13.802225       147.75956       2.5876908        2.5876908       5870.6608                       303.37892                             16.174673               5551.1072
